-0.9786233901977539
-0.8686099052429199
-0.9604073762893677
-0.8852987885475159
-0.1062837615609169
-0.9328068494796753
-0.9242449402809143
-0.6795889139175415
-0.9432280659675598
-0.9623324871063232
-0.7856183648109436
-0.9860449433326721
-0.9904018044471741
-0.9815548062324524
-0.7335662245750427
-0.9993963241577148
-0.988642156124115
-0.9516395926475525
-0.8863586187362671
-0.9949988126754761
-0.7235198616981506
-0.9761487245559692
-0.9837259650230408
-0.9984819293022156
-0.9731133580207825
-0.13880784809589386
-0.6893597841262817
-0.9830393195152283
-0.992743730545044
-0.9980871677398682
-0.9999467134475708
-0.8528780341148376
-0.993359386920929
-0.991676926612854
-0.9791176319122314
-0.7532151341438293
-0.9976293444633484
-0.9985571503639221
-0.9970740079879761
-0.9838525056838989
-0.9138439893722534
-0.9674366116523743
-0.9854373931884766
-0.12722578644752502
-0.9884563684463501
-0.08973734825849533
-0.8641569018363953
-0.9915757775306702
-0.9708361625671387
-0.9990007281303406
-0.7763584852218628
-0.9782475829124451
-0.9911414384841919
-0.9999117851257324
-0.9998828172683716
-0.4904945492744446
-0.815453052520752
-0.9974057078361511
-0.8124030828475952
-0.9799946546554565
-0.9949154853820801
-0.9962788224220276
-0.992576539516449
-0.8832544684410095
-0.9037110209465027
-0.985541045665741
-0.9225326776504517
-0.9526633024215698
-0.9994747042655945
-0.9581292271614075
-0.9996359348297119
-0.9237017035484314
-0.9882975220680237
-0.9877846240997314
-0.9971266388893127
-0.9501913189888
-0.9989469647407532
-0.9957524538040161
-0.9492686986923218
-0.9990730285644531
-0.9827936887741089
-0.9601156115531921
-0.9997386336326599
-0.9991273283958435
-0.993603527545929
-0.7690057158470154
-0.9464119076728821
-0.981590986251831
-0.9876306653022766
-0.9510699510574341
-0.9939121007919312
-0.9684231281280518
-0.992716908454895
-0.8291800618171692
-0.17857909202575684
-0.976498007774353
-0.9827187061309814
-0.2995326817035675
-0.9989492297172546
-0.9977430105209351
-0.948961615562439
-0.998379111289978
-0.9736676216125488
-0.9984544515609741
-0.9094673991203308
-0.996166467666626
-0.523468554019928
-0.9869472980499268
-0.734699010848999
-0.5494705438613892
-0.9910376071929932
-0.4891476035118103
-0.9907926917076111
-0.9754219055175781
-0.9771778583526611
-0.5801528096199036
-0.9535351395606995
-0.9829524755477905
-0.9994122982025146
-0.7955880761146545
-0.2569681704044342
-0.9943190217018127
-0.9424997568130493
-0.9983152151107788
-0.19507071375846863
-0.9957031607627869
-0.9698494672775269
-0.9929502010345459
-0.8998309969902039
-0.9996542930603027
-0.9448326826095581
-0.98685222864151
-0.8751291036605835
-0.9923537969589233
-0.9855870008468628
-0.9888767600059509
-0.96159428358078
-0.9926413893699646
-0.8971665501594543
-0.979158341884613
-0.5321472883224487
-0.9286980032920837
-0.9945951104164124
-0.012322431430220604
-0.4724760055541992
-0.990174412727356
-0.9989060163497925
-0.8560038208961487
-0.6865194439888
-0.9716202616691589
-0.998052716255188
-0.3389606773853302
-0.9968107342720032
-0.9245032668113708
-0.7874422669410706
-0.990127444267273
-0.9962804913520813
-0.7603882551193237
-0.9806292057037354
-0.5173912644386292
-0.835785448551178
-0.9707127213478088
-0.9612255692481995
-0.9971243739128113
-0.9994938373565674
-0.9821068644523621
-0.9720882177352905
-0.4720235764980316
-0.7455474734306335
-0.7731081247329712
-0.809772789478302
-0.9932411909103394
-0.9699269533157349
-0.8221232891082764
-0.9643136858940125
-0.3950176239013672
-0.16314595937728882
-0.9422486424446106
-0.99357670545578
-0.06934250891208649
-0.9962877035140991
-0.6915022730827332
-0.8924468755722046
-0.42469868063926697
-0.998611569404602
-0.9741998314857483
-0.38919878005981445
-0.9498264789581299
-0.9963880777359009
-0.997413694858551
-0.9985363483428955
-0.9479396343231201
-0.9959333539009094
-0.8982639908790588
-0.936474621295929
-0.8015961050987244
-0.9945185780525208
-0.9126942157745361
-0.9987449645996094
-0.7827073335647583
-0.981860339641571
-0.8430558443069458
-0.9948710203170776
-0.4257238209247589
-0.8387442231178284
-0.8309817910194397
-0.9205421805381775
-0.9935600757598877
-0.08270879834890366
-0.9927288889884949
-0.9935482144355774
-0.9972686767578125
-0.91523677110672
-0.9750058650970459
-0.9809586405754089
-0.9377248287200928
-0.8846742510795593
-0.9652200937271118
-0.939002275466919
-0.9569869637489319
-0.9955694079399109
-0.9849012494087219
-0.6789875030517578
-0.5202101469039917
-0.9966031312942505
-0.8300756216049194
-0.994830310344696
-0.942694365978241
-0.95953369140625
-0.9970930814743042
-0.9564321041107178
-0.660589337348938
-0.9967575669288635
-0.9589895009994507
-0.9923765063285828
-0.999176561832428
-0.7839516401290894
-0.9895703792572021
-0.9995282888412476
-0.8127489686012268
-0.9903380274772644
-0.007942539639770985
-0.9310073256492615
-0.8740072250366211
-0.9782721996307373
-0.816927433013916
-0.3968992829322815
-0.5878574252128601
-0.9986720085144043
-0.963600218296051
-0.9884957075119019
-0.6312432289123535
-0.7464243769645691
-0.9838123917579651
-0.8516132235527039
-0.7881853580474854
-0.9762688875198364
-0.9973112344741821
-0.9987689852714539
-0.9974361062049866
-0.9993171691894531
-0.9972196817398071
-0.48535463213920593
-0.9992687106132507
-0.9823423027992249
-0.47917935252189636
-0.6979373693466187
-0.37098225951194763
-0.971513569355011
-0.9946210384368896
-0.8727529644966125
-0.12002210319042206
-0.9072900414466858
-0.9957714676856995
-0.9152899980545044
-0.9736950993537903
-0.9917735457420349
-0.7905706167221069
-0.942499577999115
-0.9828774929046631
-0.9756145477294922
-0.975853681564331
-0.5788830518722534
-0.9983503818511963
-0.7658853530883789
-0.9791983366012573
-0.9181944727897644
-0.6097521781921387
-0.9989120960235596
-0.961492657661438
-0.9909624457359314
-0.9861226081848145
-0.9938634634017944
-0.969057023525238
-0.9951189756393433
-0.10554663836956024
-0.9975589513778687
-0.9876903295516968
-0.9974269270896912
-0.9807080626487732
-0.962955892086029
-0.5919041633605957
-0.9148861169815063
-0.98419189453125
-0.5019247531890869
-0.8359525799751282
-0.97702956199646
-0.973538339138031
-0.32943692803382874
-0.9789077639579773
-0.9366084337234497
-0.6793268322944641
-0.9445418119430542
-0.9731525182723999
-0.998975396156311
-0.9939531683921814
-0.9947541952133179
-0.978346586227417
-0.891892671585083
-0.9680801630020142
-0.9511609673500061
-0.9805311560630798
-0.10702145844697952
-0.9543555974960327
-0.06071610748767853
-0.9847293496131897
-0.3174116015434265
-0.9964871406555176
-0.7116161584854126
-0.9962179064750671
-0.9883800745010376
-0.8730286955833435
-0.9620708227157593
-0.6039133071899414
-0.6882390975952148
-0.6391971707344055
-0.9996041655540466
-0.8778809309005737
-0.8921605944633484
-0.995556652545929
-0.45572808384895325
-0.9257864952087402
-0.9988521337509155
-0.9644798636436462
-0.5562204718589783
-0.9835161566734314
-0.6791889071464539
-0.9988052845001221
-0.8965550065040588
-0.9871271848678589
-0.9826110005378723
-0.7274067997932434
-0.6039604544639587
-0.9986300468444824
-0.9888773560523987
-0.857851505279541
-0.9300878047943115
-0.8999123573303223
-0.9811769723892212
-0.36369675397872925
-0.9613938331604004
-0.9949104189872742
-0.9972123503684998
-0.9728537797927856
-0.9901831746101379
-0.9748213887214661
-0.9966506361961365
-0.9166874885559082
-0.9407814741134644
-0.995373547077179
-0.6309047341346741
-0.9779737591743469
-0.15775859355926514
-0.9978981018066406
-0.9927635788917542
-0.9988177418708801
-0.9870898127555847
-0.8405967950820923
-0.9537968635559082
-0.9925726652145386
-0.9809290766716003
-0.9533482193946838
-0.9998878240585327
-0.9986234903335571
-0.346342533826828
-0.01833704300224781
-0.998955488204956
-0.9821605682373047
-0.9954944849014282
-0.7983288168907166
-0.19297881424427032
-0.9982479810714722
-0.9973024129867554
-0.9601485133171082
-0.9329403638839722
-0.16737717390060425
-0.970451831817627
-0.9729823470115662
-0.9988508224487305
-0.9992388486862183
-0.999121367931366
-0.9966747760772705
-0.8929464817047119
-0.9741864204406738
-0.9914788603782654
-0.9845529794692993
-0.6456828117370605
-0.9982255101203918
-0.9903140664100647
-0.9978813529014587
-0.9996556043624878
-0.8852365016937256
-0.3346618711948395
-0.9880595803260803
-0.9983837604522705
-0.9974744915962219
-0.9939063191413879
-0.9650428295135498
-0.9710575938224792
-0.9945525527000427
-0.9920027256011963
-0.9933602213859558
-0.9380611181259155
-0.19166697561740875
-0.9968068599700928
-0.6468412280082703
-0.9079307317733765
-0.9456680417060852
-0.9752868413925171
-0.3887177109718323
-0.9983715415000916
-0.2558841109275818
-0.9790019989013672
-0.9226711988449097
-0.07459858804941177
-0.4162692725658417
-0.8307909965515137
-0.8192394971847534
-0.9349580407142639
-0.9806796312332153
-0.9904802441596985
-0.9205930829048157
-0.9706736207008362
-0.969741702079773
-0.9924065470695496
-0.7335677742958069
-0.9550811052322388
-0.9716083407402039
-0.8736645579338074
-0.9110435843467712
-0.9993934631347656
-0.9990843534469604
-0.7205883264541626
-0.9411591291427612
-0.9820424914360046
-0.9481282234191895
-0.995989978313446
-0.9972788691520691
-0.9854081273078918
-0.8668748736381531
-0.9963745474815369
-0.997312605381012
-0.9975605010986328
-0.7510319948196411
-0.5328900814056396
-0.6718100309371948
-0.9933223128318787
-0.17556461691856384
-0.9662267565727234
-0.9906603693962097
-0.9731208086013794
-0.37195372581481934
-0.8617786765098572
-0.8486957550048828
-0.9970782995223999
-0.5844318866729736
-0.9995026588439941
-0.9458209276199341
-0.9726753234863281
-0.985478401184082
-0.9978182315826416
-0.7957196831703186
-0.9980782270431519
-0.828603208065033
-0.9867128133773804
-0.9966164231300354
-0.9999487400054932
-0.9914166331291199
-0.9773496985435486
-0.05858756974339485
-0.9688100218772888
-0.9977695941925049
-0.8586483597755432
-0.9993187189102173
-0.1726716309785843
-0.9677069187164307
-0.9916503429412842
-0.9012619256973267
-0.5508844256401062
-0.9218652844429016
-0.9946634769439697
-0.8345118165016174
-0.9792309999465942
-0.9810802340507507
-0.893091082572937
-0.5678622126579285
-0.9872653484344482
-0.6383580565452576
-0.9543289542198181
-0.2037995159626007
-0.884044885635376
-0.9755792617797852
-0.9916282892227173
-0.9690216183662415
-0.99933260679245
-0.9240717887878418
-0.9585135579109192
-0.9523789286613464
-0.9863017797470093
-0.9747346043586731
-0.9979144930839539
-0.8975632190704346
-0.9990718364715576
-0.10513052344322205
-0.9992959499359131
-0.9806280136108398
-0.9734521508216858
-0.9304068088531494
-0.8844900727272034
-0.999326229095459
-0.9966006875038147
-0.9155991673469543
-0.3401341438293457
-0.9891048073768616
-0.9936102032661438
-0.9954628348350525
-0.9961353540420532
-0.9964234232902527
-0.02997281216084957
-0.9996432065963745
-0.9679869413375854
-0.9968696236610413
-0.9941343665122986
-0.9601103663444519
-0.7178616523742676
-0.9902128577232361
-0.889696478843689
-0.27818357944488525
-0.9894987344741821
-0.9742463827133179
-0.9699063897132874
-0.8356174230575562
-0.3940587341785431
-0.9986866116523743
-0.021664028987288475
-0.9939371347427368
-0.9296838641166687
-0.9907404184341431
-0.93882155418396
-0.997132420539856
-0.9991418123245239
-0.9998188614845276
-0.9844300746917725
-0.9967806339263916
-0.9488080143928528
-0.9452685713768005
-0.9899834394454956
-0.9596471786499023
-0.9933599829673767
-0.8437768220901489
-0.9915550351142883
-0.058676645159721375
-0.9223589301109314
-0.568236768245697
-0.9178495407104492
-0.9181619882583618
-0.9982895255088806
-0.25488463044166565
-0.8836509585380554
-0.9708865284919739
-0.613628625869751
-0.9983662962913513
-0.8690979480743408
-0.9986950755119324
-0.9377391338348389
-0.6228476166725159
-0.9989660978317261
-0.9639633893966675
-0.9962887763977051
-0.8296767473220825
-0.9908526539802551
-0.9326528310775757
-0.9539347290992737
-0.9943882822990417
-0.9960566759109497
-0.3525906503200531
-0.9967441558837891
-0.8648234009742737
-0.9984989166259766
-0.998677670955658
-0.9901637434959412
-0.627004861831665
-0.9310157299041748
-0.936301589012146
-0.9832279682159424
-0.9949576258659363
-0.36792510747909546
-0.9983119964599609
-0.9563494920730591
-0.9864186644554138
-0.9536500573158264
-0.9789025783538818
-0.9748520851135254
-0.13136951625347137
-0.997533917427063
-0.9762645959854126
-0.9930797219276428
-0.8779056668281555
-0.49726685881614685
-0.7229410409927368
-0.6693589687347412
-0.9794675707817078
-0.9280841946601868
-0.9963033199310303
-0.8718339800834656
-0.8275576233863831
-0.9511218070983887
-0.993355393409729
-0.9824599027633667
-0.9274414777755737
-0.951254665851593
-0.9760649800300598
-0.9890083074569702
-0.9987756609916687
-0.9823896884918213
-0.9945506453514099
-0.5019033551216125
-0.30754905939102173
-0.913622260093689
-0.9575768709182739
-0.9981830716133118
-0.9991058707237244
-0.9921647310256958
-0.9049960970878601
-0.9967799782752991
-0.9700230360031128
-0.9976568222045898
-0.9994229078292847
-0.5105302333831787
-0.9824203252792358
-0.996315062046051
-0.8132463693618774
-0.6562648415565491
-0.9825672507286072
-0.999690055847168
-0.651016354560852
-0.9823978543281555
-0.9982851147651672
-0.9939058423042297
-0.4428333640098572
-0.9842425584793091
-0.9358687400817871
-0.9917677640914917
-0.9987645149230957
-0.39206576347351074
-0.9640303254127502
-0.9801565408706665
-0.9956127405166626
-0.9980745315551758
-0.986504852771759
-0.8722220659255981
-0.9928708672523499
-0.8540292382240295
-0.991315484046936
-0.9646775126457214
-0.973086416721344
-0.9734994769096375
-0.9991480112075806
-0.766841471195221
-0.9986273050308228
-0.9290878772735596
-0.9903974533081055
-0.9764384627342224
-0.9997696280479431
-0.9801530838012695
-0.9277977347373962
-0.9995096921920776
-0.9204493165016174
-0.9243285655975342
-0.9993777275085449
-0.9891036748886108
-0.48109546303749084
-0.9870535731315613
-0.27249598503112793
-0.9959681034088135
-0.36465346813201904
-0.7833311557769775
-0.89848393201828
-0.4370131492614746
-0.9984174966812134
-0.9889413714408875
-0.9869301319122314
-0.961965799331665
-0.9994378685951233
-0.7888689041137695
-0.9851149916648865
-0.734135627746582
-0.8693034648895264
-0.8114917874336243
-0.732939600944519
-0.9657981395721436
-0.868026852607727
-0.8846645951271057
-0.9927091598510742
-0.28846117854118347
-0.9886457920074463
-0.9517771601676941
-0.9321111440658569
-0.6082243919372559
-0.9484996795654297
-0.989448070526123
-0.7810883522033691
-0.9998468160629272
-0.9570742845535278
-0.9994499087333679
-0.9980011582374573
-0.9278011918067932
-0.9926935434341431
-0.6718501448631287
-0.9630028605461121
-0.9394655227661133
-0.8073428869247437
-0.9029377102851868
-0.9972123503684998
-0.9857614040374756
-0.9783998131752014
-0.9960435628890991
-0.9972772002220154
-0.9937923550605774
-0.7087897062301636
-0.8637059926986694
-0.5421958565711975
-0.963049590587616
-0.9776859283447266
-0.8399200439453125
-0.6653805375099182
-0.9956991672515869
-0.9975411891937256
-0.9823722243309021
-0.9977860450744629
-0.9837620854377747
-0.3259562849998474
-0.5981792211532593
-0.9746556878089905
-0.9743455052375793
-0.9949554800987244
-0.9859623312950134
-0.9984739422798157
-0.9794726371765137
-0.9976481795310974
-0.9933851361274719
-0.9967690706253052
-0.9616947174072266
-0.996298611164093
-0.45869916677474976
-0.8215829133987427
-0.932266354560852
-0.5014654994010925
-0.9995121955871582
-0.9887757301330566
-0.9624191522598267
-0.4289439022541046
-0.9224022030830383
-0.38220542669296265
-0.9871790409088135
-0.6244682669639587
-0.9920786023139954
-0.5390784740447998
-0.9989194869995117
-0.5594422817230225
-0.9572771191596985
-0.9917067289352417
-0.9867890477180481
-0.5513878464698792
-0.9948896169662476
-0.9155280590057373
-0.9620842933654785
-0.9771285057067871
-0.998524010181427
-0.3256302773952484
-0.9883765578269958
-0.9621110558509827
-0.8213045001029968
-0.9389679431915283
-0.9879284501075745
-0.9981843829154968
-0.7261651754379272
-0.9902735352516174
-0.6528629064559937
-0.9448339343070984
-0.9613197445869446
-0.9387292861938477
-0.9927279949188232
-0.5970145463943481
-0.969027578830719
-0.9993834495544434
-0.46096765995025635
-0.8880196213722229
-0.9999688863754272
-0.9132388830184937
-0.9923344254493713
-0.049362536519765854
-0.6170499920845032
-0.9816495776176453
-0.9891662001609802
-0.9954137206077576
-0.7812446355819702
-0.8753626346588135
-0.8104520440101624
-0.9923297762870789
-0.9957273006439209
-0.9959768652915955
-0.9950116872787476
-0.9927902221679688
-0.9773373603820801
-0.6067500114440918
-0.9372082352638245
-0.9293371438980103
-0.933806836605072
-0.12298079580068588
-0.9488900303840637
-0.9997370839118958
-0.9990133047103882
-0.9957295060157776
-0.9995330572128296
-0.9997946619987488
-0.9982777833938599
-0.9886654615402222
-0.9910866618156433
-0.9963973164558411
-0.8736239671707153
-0.9209245443344116
-0.9562028646469116
-0.7946281433105469
-0.8617640733718872
-0.969882071018219
-0.7927641272544861
-0.9881151914596558
-0.9755495190620422
-0.9751875400543213
-0.9331218004226685
-0.8913986682891846
-0.9997157454490662
-0.8912699818611145
-0.9905511140823364
-0.9162039756774902
-0.9872646331787109
-0.9654849171638489
-0.08942069858312607
-0.9759810566902161
-0.9894049763679504
-0.953079879283905
-0.9902504682540894
-0.9714255928993225
-0.9969224333763123
-0.9176040887832642
-0.9812437891960144
-0.8898711800575256
-0.8995637893676758
-0.9261712431907654
-0.9963279366493225
-0.9996422529220581
-0.9197715520858765
-0.9989904761314392
-0.9398202300071716
-0.7782952785491943
-0.8778402209281921
-0.999580442905426
-0.7909799218177795
-0.9765641689300537
-0.998468816280365
-0.7079952359199524
-0.9809074997901917
-0.9880145192146301
-0.9855164885520935
-0.9553176760673523
-0.963663637638092
-0.9425032734870911
-0.9759469032287598
-0.9895574450492859
-0.9625241756439209
-0.9968661665916443
-0.7281181216239929
-0.9432120323181152
-0.30187228322029114
-0.9726729989051819
-0.9974132180213928
-0.9983207583427429
-0.9868871569633484
-0.9945201277732849
-0.6874944567680359
-0.5758818984031677
-0.9990298748016357
-0.9260330200195312
-0.8085215091705322
-0.9835382103919983
-0.9980403780937195
-0.9954323768615723
-0.9960179924964905
-0.9655904769897461
-0.11774935573339462
-0.9302801489830017
-0.9957568049430847
-0.97492516040802
-0.9925204515457153
-0.8901405334472656
-0.9995535016059875
-0.5753922462463379
-0.9956886172294617
-0.9971413016319275
-0.9984357953071594
-0.9316705465316772
-0.9995675683021545
-0.9781230092048645
-0.5438159704208374
-0.9994668364524841
-0.9609886407852173
-0.9125581979751587
-0.8857641220092773
-0.8559210896492004
-0.9159591197967529
-0.8685675263404846
-0.9856637716293335
-0.7336389422416687
-0.8927549719810486
-0.9995719790458679
-0.9490757584571838
-0.7218033075332642
-0.9104934930801392
-0.3054533898830414
-0.9728665351867676
-0.9986647367477417
-0.9597844481468201
-0.8859891295433044
-0.9767014980316162
-0.8992836475372314
-0.9951483607292175
-0.987144410610199
-0.08907823264598846
-0.9464427828788757
-0.9998995065689087
-0.9985536932945251
-0.9964106678962708
-0.9973390698432922
-0.9627968072891235
-0.9451419115066528
-0.987114429473877
-0.9759599566459656
-0.7424189448356628
-0.8109031319618225
-0.988215446472168
-0.9789032936096191
-0.9926409125328064
-0.2929432690143585
-0.9424078464508057
-0.9936570525169373
-0.998730480670929
-0.9895023107528687
-0.7633885145187378
-0.9917640089988708
-0.9355800151824951
-0.9564119577407837
-0.9859822988510132
-0.997244119644165
-0.9480013251304626
-0.9065495729446411
-0.7790758013725281
-0.9936919212341309
-0.988275408744812
-0.9498677849769592
-0.9996365308761597
-0.9994377493858337
-0.9292535781860352
-0.9207974076271057
-0.9824587106704712
-0.9924039244651794
-0.9664894938468933
-0.9917379021644592
-0.9903050661087036
-0.9605963230133057
-0.8193917870521545
-0.9447629451751709
-0.6852824091911316
-0.861513078212738
-0.9296793341636658
-0.22748315334320068
-0.9826875329017639
-0.8578489422798157
-0.9785588979721069
-0.9553428888320923
-0.8116092085838318
-0.9648598432540894
-0.9134491086006165
-0.9691570997238159
-0.9935685396194458
-0.9562721848487854
-0.9819751381874084
-0.8011000752449036
-0.9576413631439209
-0.9987239241600037
-0.7840697765350342
-0.23822341859340668
-0.9245738983154297
-0.9924605488777161
-0.998497724533081
-0.6736636757850647
-0.935261607170105
-0.9743315577507019
-0.9877871870994568
-0.9860338568687439
-0.975131094455719
-0.9097965359687805
-0.9718549847602844
-0.9956303834915161
-0.9346438646316528
-0.9657305479049683
-0.9174860715866089
-0.976682722568512
-0.9868114590644836
-0.9602426886558533
-0.905934751033783
-0.9791669845581055
-0.9837355613708496
-0.9960992336273193
-0.9678358435630798
-0.9955325126647949
-0.7940958142280579
-0.9854574799537659
-0.975315511226654
-0.7666364908218384
-0.9957346320152283
-0.7871347069740295
-0.979625403881073
-0.9552163481712341
-0.9966456294059753
-0.7006299495697021
-0.9983079433441162
-0.9878352284431458
-0.9907842874526978
-0.9364312291145325
-0.7703531384468079
-0.9972937703132629
-0.98371821641922
-0.9981504082679749
-0.833402693271637
-0.7117555141448975
-0.3781626224517822
-0.9602658748626709
-0.9786750078201294
-0.2582477629184723
-0.9437069296836853
-0.8236578702926636
-0.9799073934555054
-0.960767388343811
-0.9730116724967957
-0.9986750483512878
-0.9993777275085449
-0.9787576794624329
-0.5216997861862183
-0.9974753260612488
-0.868385910987854
-0.5164520144462585
-0.9683481454849243
-0.9481040239334106
-0.9968618154525757
-0.9918043613433838
-0.9990529417991638
-0.7358508706092834
-0.98850017786026
-0.38724982738494873
-0.978715181350708
-0.9982977509498596
-0.43928825855255127
-0.9849249720573425
-0.5478700995445251
-0.9901928901672363
-0.9469757676124573
-0.12147780507802963
-0.9069151878356934
-0.9598335027694702
-0.945496678352356
-0.6432389616966248
-0.9006079435348511
-0.9793843626976013
-0.780800998210907
-0.9550580382347107
-0.8515638113021851
-0.028444945812225342
-0.9935988187789917
-0.6526610255241394
-0.15696607530117035
-0.9944664835929871
-0.9899781942367554
-0.9817460775375366
-0.984067440032959
-0.9062156677246094
-0.8839991092681885
-0.9944562315940857
-0.9507052898406982
-0.20685327053070068
-0.9893942475318909
-0.7144565582275391
-0.9969236254692078
-0.9721775650978088
-0.44129082560539246
-0.9894522428512573
-0.9444597959518433
-0.9975327253341675
-0.9989120960235596
-0.6816916465759277
-0.9810980558395386
-0.9962368011474609
-0.9994081258773804
-0.8536113500595093
-0.9993869066238403
-0.9835504293441772
-0.941762387752533
-0.94401615858078
-0.9903689026832581
-0.9841580390930176
-0.9977184534072876
-0.8295214772224426
-0.9008445143699646
-0.792142927646637
-0.9641436338424683
-0.9998032450675964
-0.985660195350647
-0.9951241612434387
-0.9542589783668518
-0.9767661094665527
-0.9995254278182983
-0.9745612144470215
-0.9033971428871155
-0.9953963160514832
-0.9792881608009338
-0.7308622002601624
-0.4932935833930969
-0.9749526977539062
-0.9227411150932312
-0.8703820109367371
-0.8173414468765259
-0.7503798604011536
-0.9914751052856445
-0.9933479428291321
-0.9949387311935425
-0.8696029782295227
-0.5091671943664551
-0.9986013770103455
-0.9949836730957031
-0.07040201872587204
-0.9868271350860596
-0.10626175254583359
-0.9989352822303772
-0.9355607032775879
-0.6210488677024841
-0.756773829460144
-0.9287488460540771
-0.9726203083992004
-0.9944191575050354
-0.9150426983833313
-0.9936082363128662
-0.9584875106811523
-0.9970235228538513
-0.40294960141181946
-0.7245054841041565
-0.9687939882278442
-0.9988144636154175
-0.9394295811653137
-0.934785783290863
-0.9056102633476257
-0.9988682270050049
-0.9810135960578918
-0.6694497466087341
-0.9809439778327942
-0.9841459393501282
-0.9306469559669495
-0.9606747627258301
-0.9957637786865234
-0.9634108543395996
-0.9952362179756165
-0.8928414583206177
-0.9945082068443298
-0.8634254932403564
-0.9501833319664001
-0.9975000023841858
-0.9270000457763672
-0.9705204367637634
-0.9606806635856628
-0.9157262444496155
-0.9868074059486389
-0.3717201054096222
-0.8131052255630493
-0.4860801100730896
-0.9822450876235962
-0.9970631003379822
-0.9529747366905212
-0.9993447661399841
-0.6538780927658081
-0.3462124168872833
-0.9983766078948975
-0.9816709756851196
-0.9842842817306519
-0.9537333846092224
-0.8584181666374207
-0.30755895376205444
-0.975472629070282
-0.9938164353370667
-0.9986523985862732
-0.8719112873077393
-0.014261997304856777
-0.9737483263015747
-0.9406286478042603
-0.9780706763267517
-0.9889053106307983
-0.20477727055549622
-0.7977092266082764
-0.7596736550331116
-0.9644131064414978
-0.9943488240242004
-0.9845477938652039
-0.6419016122817993
-0.9514604210853577
-0.9824410080909729
-0.9625793099403381
-0.5624513030052185
-0.9886500835418701
-0.9982536435127258
-0.9292493462562561
-0.933601975440979
-0.9963968396186829
-0.9174279570579529
-0.8476094603538513
-0.998468816280365
-0.7789015769958496
-0.9982905983924866
-0.9230906963348389
-0.9990693926811218
-0.9911720156669617
-0.9713196754455566
-0.061304621398448944
-0.9969810843467712
-0.9911878108978271
-0.8740302920341492
-0.8636733293533325
-0.9340507388114929
-0.9946008920669556
-0.9744774699211121
-0.9995218515396118
-0.9819707870483398
-0.9967337846755981
-0.9979039430618286
-0.9970852732658386
-0.9987057447433472
-0.8869644999504089
-0.9809387922286987
-0.9986514449119568
-0.5753684043884277
-0.21736913919448853
-0.8408676385879517
-0.5447375774383545
-0.9676914811134338
-0.9166147708892822
-0.9989379048347473
-0.8651626706123352
-0.9960768818855286
-0.9993638396263123
-0.4264880418777466
-0.9987088441848755
-0.9519149661064148
-0.8267278075218201
-0.9745416641235352
-0.8095604777336121
-0.7354772686958313
-0.927891194820404
-0.928973376750946
-0.8710083365440369
-0.3548504412174225
-0.9390779733657837
-0.9495155215263367
-0.9269726872444153
-0.5444782972335815
-0.9900269508361816
-0.9415691494941711
-0.7544756531715393
-0.85945725440979
-0.9695264101028442
-0.9825872778892517
-0.9998475313186646
-0.8398466110229492
-0.9947822690010071
-0.6373075246810913
-0.795433759689331
-0.7359430193901062
-0.9684767723083496
-0.9415474534034729
-0.8325408101081848
-0.9574464559555054
-0.9997847676277161
-0.7590024471282959
-0.0160098597407341
-0.970183789730072
-0.974949061870575
-0.9788678884506226
-0.9632579684257507
-0.9485946297645569
-0.9985026121139526
-0.15972034633159637
-0.837840735912323
-0.9952366352081299
-0.9853272438049316
-0.9963284134864807
-0.9987840056419373
-0.9716795682907104
-0.9979647397994995
-0.5167222023010254
-0.9519346356391907
-0.9899460673332214
-0.9769017100334167
-0.7282498478889465
-0.9718367457389832
-0.9912460446357727
-0.9449251294136047
-0.8528822660446167
-0.8960332870483398
-0.9020541310310364
-0.9979584217071533
-0.8419212698936462
-0.9760510325431824
-0.9985607266426086
-0.9988778233528137
-0.9995111227035522
-0.9871506690979004
-0.8041487336158752
-0.9975670576095581
-0.9202151894569397
-0.9998583793640137
-0.036965157836675644
-0.14386729896068573
-0.9997649788856506
-0.7870147824287415
-0.9916867613792419
-0.9936889410018921
-0.9988760352134705
-0.9981638789176941
-0.9825448393821716
-0.9466503858566284
-0.9842963814735413
-0.9720585942268372
-0.9640491604804993
-0.99595046043396
-0.9962056875228882
-0.9974933862686157
-0.9976378679275513
-0.9484291076660156
-0.977702796459198
-0.6363299489021301
-0.8959887623786926
-0.9543547034263611
-0.9512982368469238
-0.3778916299343109
-0.8533083200454712
-0.9931294322013855
-0.9993438124656677
-0.9764801263809204
-0.953602135181427
-0.6575550436973572
-0.14233827590942383
-0.9599351286888123
-0.7466118335723877
-0.8672720193862915
-0.9968065023422241
-0.8453766107559204
-0.9935582280158997
-0.07487008720636368
-0.9750117063522339
-0.9976644515991211
-0.9967526793479919
-0.9965667724609375
-0.9616549015045166
-0.9037272930145264
-0.7078850865364075
-0.9868189096450806
-0.9576142430305481
-0.9937419295310974
-0.9866579174995422
-0.9692419767379761
-0.9848973155021667
-0.9440702795982361
-0.9975700974464417
-0.9848973155021667
-0.983809232711792
-0.9264473915100098
-0.999578058719635
-0.9941452741622925
-0.6935225129127502
-0.9934273958206177
-0.9978710412979126
-0.998854398727417
-0.21006101369857788
-0.9184852838516235
-0.9983888864517212
-0.42843034863471985
-0.9887498617172241
-0.7817749381065369
-0.9693015217781067
-0.9956390857696533
-0.9671510457992554
-0.9819729328155518
-0.9588795304298401
-0.5887270569801331
-0.9971177577972412
-0.9928419589996338
-0.9872190952301025
-0.07224701344966888
-0.8995247483253479
-0.9456123113632202
-0.9903506636619568
-0.874669075012207
-0.9499779343605042
-0.9345390796661377
-0.9993103742599487
-0.9932786822319031
-0.9329543709754944
-0.9900054335594177
-0.5637525916099548
-0.9921619296073914
-0.9427003860473633
-0.9931667447090149
-0.9616389274597168
-0.26973655819892883
-0.91673344373703
-0.8831063508987427
-0.9982262253761292
-0.8701600432395935
-0.9982871413230896
-0.9665843844413757
-0.882225751876831
-0.9977061748504639
-0.9993942975997925
-0.5108908414840698
-0.9817311763763428
-0.9865692853927612
-0.9364609122276306
-0.9716454744338989
-0.48968568444252014
-0.980326771736145
-0.999545156955719
-0.9330611824989319
-0.5840704441070557
-0.44872748851776123
-0.9910025000572205
-0.9316105246543884
-0.290324866771698
-0.9995013475418091
-0.9948219060897827
-0.9956483244895935
-0.9940388202667236
-0.9992639422416687
-0.9914472103118896
-0.9840528964996338
-0.9452699422836304
-0.9809979796409607
-0.7481063008308411
-0.9228817820549011
-0.9970808625221252
-0.9958149790763855
-0.9744746088981628
-0.5008507966995239
-0.719387412071228
-0.8918911218643188
-0.9939714074134827
-0.8784791827201843
-0.8507762551307678
-0.9993962049484253
-0.684637725353241
-0.9915591478347778
-0.9525880217552185
-0.9995300769805908
-0.9995511174201965
-0.8477597236633301
-0.9684969186782837
-0.9914529323577881
-0.8344703316688538
-0.816496729850769
-0.9920052886009216
-0.9943863153457642
-0.9967723488807678
-0.947478175163269
-0.9168214201927185
-0.9114174842834473
-0.6825881004333496
-0.9981572031974792
-0.993311882019043
-0.3111713230609894
-0.9809873104095459
-0.9132689237594604
-0.9965426325798035
-0.9986727237701416
-0.6617551445960999
-0.5393425226211548
-0.9853811860084534
-0.9965149164199829
-0.07765717804431915
-0.9985172152519226
-0.9811710119247437
-0.9997522234916687
-0.9998773336410522
-0.7765334248542786
-0.9992833733558655
-0.9844173192977905
-0.8455296754837036
-0.9837913513183594
-0.9819980263710022
-0.8293631076812744
-0.8123195767402649
-0.9813843965530396
-0.766629159450531
-0.9493833780288696
-0.6002886891365051
-0.8755383491516113
-0.8941173553466797
-0.9801939725875854
-0.8101544380187988
-0.9968012571334839
-0.9099888801574707
-0.871189534664154
-0.6817139983177185
-0.9711889624595642
-0.9891493916511536
-0.9941774606704712
-0.9933630228042603
-0.9879799485206604
-0.9889302849769592
-0.9956236481666565
-0.9023496508598328
-0.9893888831138611
-0.991265594959259
-0.9916772842407227
-0.7512475848197937
-0.9988570213317871
-0.9362562894821167
-0.9767723679542542
-0.9398108720779419
-0.9909871220588684
-0.9992135763168335
-0.9473038911819458
-0.9993010759353638
-0.9991859793663025
-0.9979982972145081
-0.13974082469940186
-0.9046963453292847
-0.9273906350135803
-0.8834843635559082
-0.9581578969955444
-0.9928715825080872
-0.8659789562225342
-0.9493899345397949
-0.9964011907577515
-0.9965302348136902
-0.8398382663726807
-0.7683838605880737
-0.9042837619781494
-0.989297091960907
-0.9623335003852844
-0.6595895886421204
-0.9981073141098022
-0.48327142000198364
-0.4177233874797821
-0.8444378972053528
-0.8761762976646423
-0.14863477647304535
-0.1584162712097168
-0.957356333732605
-0.9885947704315186
-0.9859158992767334
-0.9631165266036987
-0.13877469301223755
-0.9679456353187561
-0.610361635684967
-0.8456699848175049
-0.9977889060974121
-0.6767839789390564
-0.7008035182952881
-0.9998200535774231
-0.9847374558448792
-0.9858388304710388
-0.9947750568389893
-0.9570058584213257
-0.9904302954673767
-0.5984566807746887
-0.49165210127830505
-0.7030067443847656
-0.9948850274085999
-0.7988284826278687
-0.9164292812347412
-0.6079531311988831
-0.5888704061508179
-0.997951328754425
-0.9642055034637451
-0.9516886472702026
-0.9993810653686523
-0.9920670986175537
-0.9987127780914307
-0.9757452607154846
-0.9988893866539001
-0.9179625511169434
-0.9877389073371887
-0.9669235348701477
-0.9239259362220764
-0.9975952506065369
-0.9991024732589722
-0.9939337372779846
-0.9930334091186523
-0.9560556411743164
-0.9986329674720764
-0.8609123826026917
-0.9882047176361084
-0.8939756751060486
-0.39684343338012695
-0.9279100298881531
-0.8898927569389343
-0.8841356039047241
-0.9812765121459961
-0.9949648976325989
-0.9728702902793884
-0.4426521062850952
-0.9992043375968933
-0.9977408647537231
-0.9863344430923462
-0.9502599835395813
-0.8969553709030151
-0.8658104538917542
-0.9750871062278748
-0.9916824102401733
-0.8964499831199646
-0.9925014972686768
-0.9795196056365967
-0.9877890944480896
-0.808089554309845
-0.9179583191871643
-0.7859152555465698
-0.9886279702186584
-0.9717817902565002
-0.9604809284210205
-0.8424535393714905
-0.9966036081314087
-0.9980238676071167
-0.9744296669960022
-0.9964091181755066
-0.9921320080757141
-0.7379189729690552
-0.04208356514573097
-0.9601919054985046
-0.9249078631401062
-0.5986858606338501
-0.6096249222755432
-0.8920174837112427
-0.8495630025863647
-0.9957290291786194
-0.8971990346908569
-0.8648167252540588
-0.9504496455192566
-0.991375744342804
-0.9974864721298218
-0.7866203784942627
-0.7520471811294556
-0.9436720013618469
-0.9650666117668152
-0.9396885633468628
-0.9767366647720337
-0.9950644373893738
-0.9481341242790222
-0.8361963629722595
-0.8713207840919495
-0.9464086890220642
-0.9353482127189636
-0.9908133149147034
-0.9912028312683105
-0.6319372653961182
-0.8651536107063293
-0.6282895803451538
-0.9752956032752991
-0.9547988772392273
-0.8645595908164978
-0.9945992231369019
-0.8863279819488525
-0.4629651606082916
-0.620451807975769
-0.9892892837524414
-0.9931818842887878
-0.9962408542633057
-0.9164910912513733
-0.9059798717498779
-0.9686427712440491
-0.9980883002281189
-0.990878164768219
-0.9974888563156128
-0.6917110681533813
-0.6092648506164551
-0.11192572861909866
-0.9983972907066345
-0.27512475848197937
-0.1826532781124115
-0.9078924059867859
-0.9965026378631592
-0.9857515692710876
-0.9169298410415649
-0.9794029593467712
-0.9990179538726807
-0.9767865538597107
-0.9786989688873291
-0.888073205947876
-0.5998074412345886
-0.7293602228164673
-0.9760021567344666
-0.9927364587783813
-0.8518994450569153
-0.980905294418335
-0.991589367389679
-0.9992048144340515
-0.9446672201156616
-0.9989010095596313
-0.9989521503448486
-0.966795027256012
-0.9958349466323853
-0.9270881414413452
-0.9915626645088196
-0.9950395226478577
-0.9819706678390503
-0.957413375377655
-0.9144176840782166
-0.9999476671218872
-0.7829359173774719
-0.9963971972465515
-0.9455762505531311
-0.6318912506103516
-0.6068618893623352
-0.9457057118415833
-0.942314624786377
-0.8093340992927551
-0.9753912687301636
-0.5151811838150024
-0.9598312973976135
-0.9252641797065735
-0.9876112341880798
-0.9559265375137329
-0.8859750032424927
-0.22604745626449585
-0.9782016277313232
-0.9880275726318359
-0.8646852970123291
-0.8218901753425598
-0.6645168662071228
-0.9869368672370911
-0.9628494381904602
-0.8263671398162842
-0.9938263297080994
-0.9928519129753113
-0.9962604641914368
-0.5059303641319275
-0.9912248253822327
-0.8992705345153809
-0.9956803321838379
-0.9687127470970154
-0.5476659536361694
-0.999494194984436
-0.926099956035614
-0.6448351740837097
-0.7554585933685303
-0.9968644976615906
-0.9970890879631042
-0.43073925375938416
-0.9453598260879517
-0.8739516139030457
-0.9855561852455139
-0.9881709814071655
-0.9956650137901306
-0.9939491748809814
-0.7740395069122314
-0.941328227519989
-0.9510606527328491
-0.9852668046951294
-0.99118971824646
-0.974679708480835
-0.9690226316452026
-0.9052515029907227
-0.9674020409584045
-0.9990898370742798
-0.9815695285797119
-0.9604865312576294
-0.569413959980011
-0.9822743535041809
-0.9510502219200134
-0.9645879864692688
-0.9918230175971985
-0.9923270344734192
-0.9968776702880859
-0.9791395664215088
-0.9926678538322449
-0.9842562079429626
-0.8023357391357422
-0.7556906938552856
-0.9998194575309753
-0.9681290984153748
-0.794166088104248
-0.9688267707824707
-0.9954379200935364
-0.9971129894256592
-0.9644890427589417
-0.8035768866539001
-0.8762669563293457
-0.17273429036140442
-0.998308539390564
-0.6894904971122742
-0.965792179107666
-0.021390438079833984
-0.9644779562950134
-0.9161613583564758
-0.38843825459480286
-0.9761847257614136
-0.681400716304779
-0.9843273758888245
-0.9994412064552307
-0.9476829767227173
-0.9953664541244507
-0.9547745585441589
-0.9933823347091675
-0.9524477124214172
-0.9941043257713318
-0.9988780617713928
-0.9723825454711914
-0.9281668066978455
-0.9986652135848999
-0.8912339806556702
-0.9424022436141968
-0.9750075340270996
-0.9469910860061646
-0.9825738072395325
-0.9952241778373718
-0.3526343107223511
-0.9963057041168213
-0.9497074484825134
-0.988314151763916
-0.9330947995185852
-0.998225748538971
-0.9255165457725525
-0.9949485063552856
-0.913318932056427
-0.6554697155952454
-0.9770604372024536
-0.9840556383132935
-0.9723548293113708
-0.9574549198150635
-0.9873485565185547
-0.9850841164588928
-0.9832180738449097
-0.8155938386917114
-0.9995019435882568
-0.9992890357971191
-0.9957838654518127
-0.5744466781616211
-0.9991182684898376
-0.5989431142807007
-0.9728502035140991
-0.9412458539009094
-0.9393766522407532
-0.9723002314567566
-0.9282864332199097
-0.9639410376548767
-0.9538041949272156
-0.9913426637649536
-0.936141312122345
-0.37614715099334717
-0.9937340617179871
-0.9735414981842041
-0.9151163697242737
-0.995805025100708
-0.9713383316993713
-0.9936022162437439
-0.9179984331130981
-0.4678793251514435
-0.8903021216392517
-0.9686229825019836
-0.9670768976211548
-0.6433382630348206
-0.9958384037017822
-0.998596727848053
-0.9923840165138245
-0.9789878129959106
-0.9730899930000305
-0.9840508103370667
-0.7156503200531006
-0.9883341789245605
-0.9987080097198486
-0.9935163259506226
-0.9992325305938721
-0.8404188752174377
-0.3919714391231537
-0.9998929500579834
-0.9966074228286743
-0.9934938549995422
-0.9857528805732727
-0.9918278455734253
-0.9782572984695435
-0.9116732478141785
-0.9934428930282593
-0.9935238361358643
-0.9710068702697754
-0.6461297273635864
-0.9969747066497803
-0.8239623308181763
-0.9979787468910217
-0.4390675723552704
-0.9825536608695984
-0.968302309513092
-0.974025309085846
-0.9160333871841431
-0.9689317345619202
-0.868137001991272
-0.9992788434028625
-0.22144651412963867
-0.996846616268158
-0.7922864556312561
-0.266200989484787
-0.7784706950187683
-0.9974259734153748
-0.8537288904190063
-0.7722797989845276
-0.9186177849769592
-0.7622666954994202
-0.9879172444343567
-0.9298804998397827
-0.8229146599769592
-0.9950891137123108
-0.9834823608398438
-0.9558708667755127
-0.9939688444137573
-0.9247845411300659
-0.9135001301765442
-0.5815131664276123
-0.9319427609443665
-0.651337206363678
-0.8981898427009583
-0.9656521677970886
-0.9798628687858582
-0.9917260408401489
-0.6987264752388
-0.9241040349006653
-0.9893507361412048
-0.9619718194007874
-0.937484860420227
-0.764051616191864
-0.9497084021568298
-0.919594407081604
-0.9580086469650269
-0.5939308404922485
-0.9915481209754944
-0.9593614935874939
-0.988972008228302
-0.9833478331565857
-0.9669718146324158
-0.7280316948890686
-0.9219480752944946
-0.9938742518424988
-0.1288624405860901
-0.9363681674003601
-0.9523042440414429
-0.9981310963630676
-0.9917663931846619
-0.197037473320961
-0.8821505904197693
-0.9969910383224487
-0.8416264057159424
-0.9997498393058777
-0.7689255475997925
-0.2972533702850342
-0.9985936284065247
-0.9470856189727783
-0.9478232264518738
-0.9650879502296448
-0.9861372709274292
-0.878563642501831
-0.9875456690788269
-0.8721717596054077
-0.8026846051216125
-0.9983887672424316
-0.9817532300949097
-0.9157231450080872
-0.7793191075325012
-0.9143533110618591
-0.06085505709052086
-0.8053647875785828
-0.9216916561126709
-0.9973660111427307
-0.9417235851287842
-0.9976500868797302
-0.9042481780052185
-0.7112402319908142
-0.9931291341781616
-0.745515763759613
-0.7488360404968262
-0.9528486728668213
-0.44007837772369385
-0.9907495379447937
-0.9430472254753113
-0.9961113333702087
-0.9647073745727539
-0.9954655766487122
-0.4718720018863678
-0.005582608748227358
-0.998817503452301
-0.9862161874771118
-0.35498806834220886
-0.9522719383239746
-0.9986225366592407
-0.9893112778663635
-0.9605798125267029
-0.6829375624656677
-0.6651012301445007
-0.9988659620285034
-0.7269167900085449
-0.9979277849197388
-0.9284120798110962
-0.882981538772583
-0.9235677719116211
-0.9939367175102234
-0.7932752966880798
-0.9236174821853638
-0.9655863642692566
-0.6299846768379211
-0.9942659735679626
-0.9157633185386658
-0.9873064756393433
-0.9962623715400696
-0.9963030815124512
-0.9425253868103027
-0.7796391248703003
-0.8912129402160645
-0.8675099611282349
-0.9700274467468262
-0.6916693449020386
-0.9763251543045044
-0.9948712587356567
-0.9800450205802917
-0.7275426983833313
-0.8334068059921265
-0.9857115149497986
-0.9857965111732483
-0.9475514888763428
-0.07641400396823883
-0.848516047000885
-0.5899917483329773
-0.7962633371353149
-0.9224960207939148
-0.9838889837265015
-0.8454182147979736
-0.9994691014289856
-0.5713433027267456
-0.9997100234031677
-0.9871760010719299
-0.9257400035858154
-0.8199677467346191
-0.9922903180122375
-0.9986867308616638
-0.9936575293540955
-0.632919430732727
-0.9453389644622803
-0.9968881011009216
-0.9771301746368408
-0.6569541692733765
-0.9990750551223755
-0.8646773099899292
-0.971233069896698
-0.9977541565895081
-0.8984313607215881
-0.8612122535705566
-0.7614938616752625
-0.9973415732383728
-0.9800220131874084
-0.8150162100791931
-0.6333742737770081
-0.26599666476249695
-0.9908627271652222
-0.9913238286972046
-0.9565795063972473
-0.9823912978172302
-0.9011486172676086
-0.6825757026672363
-0.986759603023529
-0.9423607587814331
-0.9987384676933289
-0.9419962167739868
-0.9087732434272766
-0.9984771609306335
-0.9996356964111328
-0.2030998170375824
-0.4069494605064392
-0.9956774115562439
-0.979223370552063
-0.996403694152832
-0.9985395669937134
-0.9547653198242188
-0.9577950835227966
-0.9959357976913452
-0.9975919723510742
-0.5691193342208862
-0.9849706292152405
-0.9261132478713989
-0.9965392351150513
-0.8779637217521667
-0.9991453886032104
-0.1704963892698288
-0.9970178604125977
-0.9383059144020081
-0.7845945358276367
-0.9706085920333862
-0.9806931614875793
-0.9388569593429565
-0.9183893799781799
-0.9974838495254517
-0.9893955588340759
-0.723508358001709
-0.9809587597846985
-0.8655768036842346
-0.8788778781890869
-0.9850794076919556
-0.788449227809906
-0.9963052272796631
-0.9947112798690796
-0.9073218703269958
-0.9949770569801331
-0.9099916815757751
-0.9002708792686462
-0.27592000365257263
-0.9853857755661011
-0.7716243267059326
-0.381093829870224
-0.9263438582420349
-0.9928147792816162
-0.9963480830192566
-0.9319682717323303
-0.6135773062705994
-0.9262527227401733
-0.9926882982254028
-0.9825581908226013
-0.5894568562507629
-0.9921159148216248
-0.9610945582389832
-0.9594557285308838
-0.9833899140357971
-0.9809789657592773
-0.9989400506019592
-0.9867205619812012
-0.998030960559845
-0.9730254411697388
-0.9934403300285339
-0.9644184112548828
-0.3431050479412079
-0.6948896050453186
-0.9286270141601562
-0.8694838285446167
-0.972558856010437
-0.8180522322654724
-0.8958066701889038
-0.7614372372627258
-0.901060163974762
-0.882561445236206
-0.9511039853096008
-0.6325608491897583
-0.9685559868812561
-0.9947502017021179
-0.9255636930465698
-0.9971380233764648
-0.9225268959999084
-0.9948234558105469
-0.9975718855857849
-0.9967791438102722
-0.9938574433326721
-0.9966796636581421
-0.999627947807312
-0.37320420145988464
-0.9892237186431885
-0.9967162609100342
-0.9298928380012512
-0.08176620304584503
-0.8564671874046326
-0.9996234178543091
-0.8860329389572144
-0.9540956020355225
-0.9867598414421082
-0.9894495606422424
-0.7153493165969849
-0.9590772986412048
-0.7554042935371399
-0.3819054663181305
-0.9388306736946106
-0.8344836831092834
-0.9818379878997803
-0.9474321603775024
-0.7708861827850342
-0.8542506098747253
-0.9976128339767456
-0.9989155530929565
-0.9840294718742371
-0.8112670183181763
-0.9981216788291931
-0.982490062713623
-0.7590347528457642
-0.9936807155609131
-0.613321840763092
-0.9778614640235901
-0.790178656578064
-0.8873546719551086
-0.9380101561546326
-0.9731155037879944
-0.9856862425804138
-0.9889007806777954
-0.30134665966033936
-0.8725681900978088
-0.3263089060783386
-0.8162937164306641
-0.9300966858863831
-0.9923909306526184
-0.9670094847679138
-0.9986554384231567
-0.9022467732429504
-0.5606275796890259
-0.9821011424064636
-0.9603278636932373
-0.9776521325111389
-0.9991751313209534
-0.9856947064399719
-0.836279034614563
-0.9437071084976196
-0.9996709823608398
-0.9928320646286011
-0.8695833683013916
-0.9719630479812622
-0.9973579049110413
-0.12153495848178864
-0.4934968054294586
-0.9980776309967041
-0.2905842959880829
-0.8490211367607117
-0.9992262125015259
-0.8898438811302185
-0.9989375472068787
-0.9929115176200867
-0.9726871848106384
-0.9264193773269653
-0.9128546118736267
-0.758897602558136
-0.4548690617084503
-0.9928805828094482
-0.786034107208252
-0.9977325201034546
-0.5329472422599792
-0.30890437960624695
-0.9893203973770142
-0.9933672547340393
-0.9338110685348511
-0.9633756875991821
-0.9038791060447693
-0.9845257997512817
-0.9397948384284973
-0.9680182337760925
-0.9983288645744324
-0.9954178333282471
-0.11651556193828583
-0.560463547706604
-0.9444016218185425
-0.996032178401947
-0.9957069754600525
-0.8418118357658386
-0.8143311738967896
-0.9973083734512329
-0.9389110803604126
-0.990078330039978
-0.9097656607627869
-0.9866021871566772
-0.9815890789031982
-0.8908031582832336
-0.9522222876548767
-0.9815417528152466
-0.9787436127662659
-0.9697406888008118
-0.1007910817861557
-0.8487662672996521
-0.8945992588996887
-0.9799900650978088
-0.5396812558174133
-0.99769127368927
-0.15343600511550903
-0.9690859913825989
-0.03459348902106285
-0.022481005638837814
-0.8001648187637329
-0.30708399415016174
-0.9995213747024536
-0.2769085168838501
-0.869591474533081
-0.9037749767303467
-0.999527096748352
-0.6274867653846741
-0.5871127247810364
-0.9956790804862976
-0.9128672480583191
-0.9893378019332886
-0.9878005981445312
-0.9661775827407837
-0.9776885509490967
-0.9979889392852783
-0.9802839159965515
-0.9983832836151123
-0.4911339581012726
-0.9401295781135559
-0.9684434533119202
-0.4890698790550232
-0.1585410088300705
-0.9796159267425537
-0.8490440845489502
-0.8112456798553467
-0.9766740798950195
-0.9629422426223755
-0.7230823040008545
-0.2281901240348816
-0.4789470434188843
-0.7687668204307556
-0.9689188599586487
-0.8136753439903259
-0.9723525643348694
-0.9804491400718689
-0.9674205183982849
-0.9891396164894104
-0.9917863011360168
-0.972214937210083
-0.9973307847976685
-0.12617623805999756
-0.9991934895515442
-0.7411260008811951
-0.993647038936615
-0.6375360488891602
-0.9773945808410645
-0.9992557168006897
-0.9984719157218933
-0.5844758749008179
-0.9834871888160706
-0.9691233038902283
-0.4335666298866272
-0.9587970972061157
-0.9933640956878662
-0.48285168409347534
-0.6666936278343201
-0.6449375748634338
-0.9833977222442627
-0.9997738003730774
-0.9884246587753296
-0.9717227816581726
-0.9641371369361877
-0.9995563626289368
-0.9683472514152527
-0.37001270055770874
-0.998505711555481
-0.561982274055481
-0.9406843185424805
-0.8822351694107056
-0.931202232837677
-0.9967396855354309
-0.8312253355979919
-0.9986749291419983
-0.9791913628578186
-0.2065509408712387
-0.666495680809021
-0.9956719875335693
-0.9865543842315674
-0.9959177374839783
-0.9907419085502625
-0.9948368072509766
-0.9459870457649231
-0.9454613924026489
-0.5605982542037964
-0.5830459594726562
-0.924137532711029
-0.9958823919296265
-0.995598554611206
-0.9958130717277527
-0.7858548760414124
-0.9726938605308533
-0.5680645108222961
-0.9816657900810242
-0.9264493584632874
-0.9966636300086975
-0.2625059187412262
-0.8078821301460266
-0.9971879124641418
-0.9830912947654724
-0.9590278267860413
-0.9033547043800354
-0.9156514406204224
-0.9979053735733032
-0.9993064403533936
-0.3543468117713928
-0.9982203841209412
-0.7813277244567871
-0.9654915928840637
-0.0553477481007576
-0.9799140095710754
-0.9602984189987183
-0.9961887001991272
-0.9908359050750732
-0.4310295879840851
-0.9969862103462219
-0.15152017772197723
-0.9972661733627319
-0.9990683197975159
-0.9271083474159241
-0.8089614510536194
-0.9714488983154297
-0.9604479670524597
-0.998002827167511
-0.871812641620636
-0.37110596895217896
-0.8428270816802979
-0.923610270023346
-0.9961732029914856
-0.8560263514518738
-0.3263392746448517
-0.1753244400024414
-0.998580813407898
-0.8267356753349304
-0.843555212020874
-0.751734733581543
-0.3277933895587921
-0.9926553964614868
-0.5586119294166565
-0.5444386005401611
-0.9692594408988953
-0.9903443455696106
-0.9713730812072754
-0.8583616018295288
-0.9848179221153259
-0.9993552565574646
-0.9685568809509277
-0.9983318448066711
-0.9985955357551575
-0.9549471139907837
-0.9978145360946655
-0.9929256439208984
-0.9990930557250977
-0.9541079998016357
-0.7968526482582092
-0.9018265008926392
-0.8951781392097473
-0.9704157710075378
-0.012487953528761864
-0.9119552969932556
-0.9996992349624634
-0.9996070265769958
-0.3800687789916992
-0.9973015189170837
-0.8655716776847839
-0.0981631949543953
-0.9025067687034607
-0.9755975008010864
-0.9975956082344055
-0.9655089378356934
-0.992286205291748
-0.9853488802909851
-0.7874475121498108
-0.7868133783340454
-0.9506484270095825
-0.9806206822395325
-0.9791058897972107
-0.645534336566925
-0.9984251260757446
-0.9653283953666687
-0.6533721089363098
-0.32358527183532715
-0.9916811585426331
-0.9826040863990784
-0.8484365940093994
-0.5122662782669067
-0.9514899253845215
-0.9983067512512207
-0.9812968373298645
-0.9594902396202087
-0.992733359336853
-0.9944567680358887
-0.9986361861228943
-0.9891876578330994
-0.9933972358703613
-0.6897887587547302
-0.8981204032897949
-0.9559248089790344
-0.9922745823860168
-0.9653384685516357
-0.06055765599012375
-0.9771345257759094
-0.9989870190620422
-0.9963470101356506
-0.9974862337112427
-0.5567406415939331
-0.5707476139068604
-0.9697777032852173
-0.9571079611778259
-0.3919360935688019
-0.9976152181625366
-0.9882137775421143
-0.9986684322357178
-0.8434962630271912
-0.9947734475135803
-0.5754014253616333
-0.382534921169281
-0.9479535818099976
-0.9930939674377441
-0.9909499287605286
-0.9953006505966187
-0.9418529868125916
-0.9320270419120789
-0.993833065032959
-0.998049259185791
-0.9738478064537048
-0.9958135485649109
-0.9988172054290771
-0.9932697415351868
-0.9937180280685425
-0.9986314177513123
-0.9774762392044067
-0.8499906063079834
-0.9537140130996704
-0.9921059608459473
-0.9990585446357727
-0.577504575252533
-0.5619669556617737
-0.08061300218105316
-0.9985097050666809
-0.9724931120872498
-0.9856975078582764
-0.8097760081291199
-0.859682559967041
-0.9587240219116211
-0.8185712099075317
-0.9747346043586731
-0.9015960097312927
-0.974936842918396
-0.8208392858505249
-0.9959445595741272
-0.9720681309700012
-0.05402917414903641
-0.9988577365875244
-0.9920291900634766
-0.9800129532814026
-0.11380685865879059
-0.9923902153968811
-0.5918129086494446
-0.5342401266098022
-0.12430170923471451
-0.41523486375808716
-0.9760090112686157
-0.9955064058303833
-0.993821382522583
-0.9779562950134277
-0.8790279626846313
-0.43478065729141235
-0.6783455610275269
-0.2849479913711548
-0.6529427766799927
-0.996208906173706
-0.9687712788581848
-0.9755251407623291
-0.9994974136352539
-0.9955766201019287
-0.6468775272369385
-0.9992297887802124
-0.9855072498321533
-0.9731311798095703
-0.9286717176437378
-0.9997108578681946
-0.9948711395263672
-0.9895992279052734
-0.9864950180053711
-0.72000652551651
-0.9914374947547913
-0.9977583885192871
-0.941684365272522
-0.9165681600570679
-0.01560007780790329
-0.9479353427886963
-0.7130842208862305
-0.9977618455886841
-0.9206655025482178
-0.6935092806816101
-0.5488184094429016
-0.9951037168502808
-0.29425469040870667
-0.9819117784500122
-0.8777561783790588
-0.9930763244628906
-0.9949464201927185
-0.9153925776481628
-0.9938994646072388
-0.4019200801849365
-0.9968863129615784
-0.9520716667175293
-0.9684838652610779
-0.9887821078300476
-0.3689234256744385
-0.5406410694122314
-0.9500779509544373
-0.9516335725784302
-0.9833926558494568
-0.22583921253681183
-0.9667004346847534
-0.5424028038978577
-0.9915810227394104
-0.9987541437149048
-0.9681655168533325
-0.9981855750083923
-0.9948155283927917
-0.9939479827880859
-0.6362823843955994
-0.9962269067764282
-0.7874159216880798
-0.9827777743339539
-0.9986156225204468
-0.9730108976364136
-0.7679319977760315
-0.030930517241358757
-0.9926108717918396
-0.9170177578926086
-0.8917649984359741
-0.913652777671814
-0.9230614304542542
-0.9974762797355652
-0.6929299235343933
-0.8804237842559814
-0.855476975440979
-0.928766131401062
-0.9767981767654419
-0.9388657808303833
-0.8512377738952637
-0.9960987567901611
-0.9407099485397339
-0.9579509496688843
-0.549503743648529
-0.9760394096374512
-0.9994124174118042
-0.9992096424102783
-0.8841519951820374
-0.9979244470596313
-0.8760602474212646
-0.46175312995910645
-0.9856557846069336
-0.905241847038269
-0.9993922710418701
-0.9880977272987366
-0.9975875616073608
-0.9992663264274597
-0.4618871510028839
-0.8476448655128479
-0.9981733560562134
-0.7593197822570801
-0.9613832235336304
-0.964874267578125
-0.9732820391654968
-0.594676673412323
-0.9486558437347412
-0.9983823299407959
-0.7430835962295532
-0.7719907760620117
-0.9838002324104309
-0.9990113973617554
-0.9805564880371094
-0.9827622771263123
-0.9615582227706909
-0.9499564170837402
-0.20411281287670135
-0.9823248386383057
-0.8196176290512085
-0.9986386895179749
-0.9988963603973389
-0.6052188277244568
-0.9331971406936646
-0.9992265701293945
-0.9234490990638733
-0.4884784519672394
-0.29333674907684326
-0.8728942275047302
-0.8562803864479065
-0.869907021522522
-0.9856652021408081
-0.9759703874588013
-0.8820227384567261
-0.9323067665100098
-0.9934766888618469
-0.9917389154434204
-0.9843776226043701
-0.6529558300971985
-0.9068256616592407
-0.6979933977127075
-0.9225655198097229
-0.848193883895874
-0.9313632249832153
-0.6845924854278564
-0.9974313378334045
-0.9704622626304626
-0.9590858817100525
-0.8410481810569763
-0.9615161418914795
-0.5376572608947754
-0.9771256446838379
-0.7127912640571594
-0.8544944524765015
-0.8783164620399475
-0.100784070789814
-0.6335355639457703
