-0.5429919958114624
-0.496590793132782
-0.5557107925415039
-0.9327436089515686
-0.9519129395484924
-0.40171682834625244
-0.9837221503257751
-0.7256139516830444
-0.41951704025268555
-0.8151092529296875
-0.984641969203949
-0.9920084476470947
-0.5809575319290161
-0.6640364527702332
-0.36724644899368286
-0.9326571226119995
-0.6104423403739929
-0.9767768979072571
-0.5697826147079468
-0.9954908490180969
-0.8880615234375
-0.2638689875602722
-0.9073889851570129
-0.9757260084152222
-0.9969220757484436
-0.99791020154953
-0.6405551433563232
-0.9846636056900024
-0.1474197953939438
-0.99379962682724
-0.6189500093460083
-0.9232423901557922
-0.9325970411300659
-0.9964799284934998
-0.6194888353347778
-0.9567930102348328
-0.9394137859344482
-0.9792831540107727
-0.6204249262809753
-0.027820030227303505
-0.4628593921661377
-0.7273993492126465
-0.9953855872154236
-0.6547530293464661
-0.8459636569023132
-0.8316681385040283
-0.8982000946998596
-0.9860019683837891
-0.8657494783401489
-0.9964738488197327
-0.9761280417442322
-0.6487640142440796
-0.6919612288475037
-0.7070241570472717
-0.8647851347923279
-0.6867346167564392
-0.4090951979160309
-0.9840766787528992
-0.9447548985481262
-0.9896416068077087
-0.8589062690734863
-0.8966348171234131
-0.9377487301826477
-0.6249718070030212
-0.9906927943229675
-0.5367516875267029
-0.8464295864105225
-0.7687007188796997
-0.9893410801887512
-0.7683224678039551
-0.9807397127151489
-0.8047513961791992
-0.8047090768814087
-0.9752398133277893
-0.8826743960380554
-0.8221510648727417
-0.9980654120445251
-0.9829031825065613
-0.9775949120521545
-0.7527792453765869
-0.9406177997589111
-0.5103667974472046
-0.9905886650085449
-0.9473831653594971
-0.9688465595245361
-0.46460890769958496
-0.39802247285842896
-0.9349143505096436
-0.7358165383338928
-0.4123882055282593
-0.9838274717330933
-0.9911884069442749
-0.155398428440094
-0.3085609972476959
-0.9579645395278931
-0.9931336641311646
-0.8290439248085022
-0.9856424927711487
-0.900827944278717
-0.9109498858451843
-0.9906237721443176
-0.8402907252311707
-0.9633792042732239
-0.9135974645614624
-0.32869306206703186
-0.812760055065155
-0.7980941534042358
-0.788521945476532
-0.9628961682319641
-0.8740618228912354
-0.47588080167770386
-0.8444757461547852
-0.9942209720611572
-0.9700196981430054
-0.6644872426986694
-0.8249427080154419
-0.6550007462501526
-0.8610263466835022
-0.9252747297286987
-0.7664399147033691
-0.9728915095329285
-0.8263529539108276
-0.8312601447105408
-0.9954432249069214
-0.987387478351593
-0.8989783525466919
-0.3256928324699402
-0.7162883877754211
-0.8039998412132263
-0.8040687441825867
-0.8674230575561523
-0.9907925128936768
-0.9975270628929138
-0.24969382584095
-0.19651152193546295
-0.5315183401107788
-0.981599748134613
-0.9989293217658997
-0.18202070891857147
-0.9544046521186829
-0.9684653878211975
-0.9848504066467285
-0.8920029401779175
-0.9869480133056641
-0.9953954815864563
-0.994526207447052
-0.9068974256515503
-0.5232820510864258
-0.9949349761009216
-0.6232334971427917
-0.9844703674316406
-0.9954683780670166
-0.8041173815727234
-0.9386358261108398
-0.9837743043899536
-0.9738224744796753
-0.7896084785461426
-0.633574366569519
-0.8993727564811707
-0.8458245396614075
-0.9461491703987122
-0.9540780186653137
-0.9427204132080078
-0.593019425868988
-0.9337456822395325
-0.5973297357559204
-0.5362212061882019
-0.8345432281494141
-0.5557643175125122
-0.885572612285614
-0.9987282156944275
-0.7398998141288757
-0.4885595142841339
-0.040440283715724945
-0.9577731490135193
-0.9860542416572571
-0.9543595910072327
-0.9538394808769226
-0.939464271068573
-0.5687710642814636
-0.7405235767364502
-0.9361315965652466
-0.9625102281570435
-0.6306869387626648
-0.9963823556900024
-0.7006266713142395
-0.6255677342414856
-0.27437058091163635
-0.9606909155845642
-0.754372775554657
-0.9879125952720642
-0.9491201043128967
-0.711165189743042
-0.9669608473777771
-0.9079161882400513
-0.9042868614196777
-0.8476137518882751
-0.966147243976593
-0.920443594455719
-0.9875648617744446
-0.9515538811683655
-0.9094913601875305
-0.9950810670852661
-0.5205401182174683
-0.620529055595398
-0.8676873445510864
-0.8476168513298035
-0.9320230484008789
-0.9671114683151245
-0.8568300008773804
-0.8883843421936035
-0.9724564552307129
-0.9615679383277893
-0.8250901103019714
-0.8164554834365845
-0.9758578538894653
-0.4820226728916168
-0.8715898990631104
-0.9914035201072693
-0.9210997223854065
-0.7149430513381958
-0.9980785846710205
-0.9944624304771423
-0.49872955679893494
-0.9555994272232056
-0.5376364588737488
-0.7780410647392273
-0.9017560482025146
-0.9748762249946594
-0.050699297338724136
-0.5245398283004761
-0.8664268851280212
-0.6628170013427734
-0.7815688252449036
-0.5065918564796448
-0.8550418615341187
-0.8781553506851196
-0.9486991763114929
-0.8461095690727234
-0.38934823870658875
-0.9510735869407654
-0.9684568643569946
-0.633358895778656
-0.9980902075767517
-0.7874836921691895
-0.9761901497840881
-0.9621428847312927
-0.967975378036499
-0.9545886516571045
-0.9755070805549622
-0.7759416103363037
-0.9599557518959045
-0.8211562037467957
-0.9978208541870117
-0.945600688457489
-0.8796833157539368
-0.8878337144851685
-0.9373775720596313
-0.7646218538284302
-0.9939572811126709
-0.9917820692062378
-0.7300196886062622
-0.9950577020645142
-0.9010983109474182
-0.6459449529647827
-0.9970351457595825
-0.9881567358970642
-0.8001527190208435
-0.9188129901885986
-0.9281634092330933
-0.908750057220459
-0.7604525089263916
-0.6591389179229736
-0.8022561073303223
-0.510790228843689
-0.7212302684783936
-0.6618068218231201
-0.9729103446006775
-0.6921975612640381
-0.9671483635902405
-0.975813627243042
-0.13975723087787628
-0.9173279404640198
-0.6346877217292786
-0.9504715204238892
-0.9883565306663513
-0.8061528205871582
-0.990624725818634
-0.6761353015899658
-0.1755494922399521
-0.5251244306564331
-0.8350487947463989
-0.7609936594963074
-0.6640867590904236
-0.997238278388977
-0.9601117968559265
-0.9716681241989136
-0.8420345187187195
-0.9968339800834656
-0.7640833854675293
-0.9939806461334229
-0.35181674361228943
-0.6829810738563538
-0.6354930996894836
-0.08213581144809723
-0.935529351234436
-0.8819632530212402
-0.9972761273384094
-0.9778665900230408
-0.8548064231872559
-0.9073391556739807
-0.7430305480957031
-0.8424378037452698
-0.9983377456665039
-0.8288024663925171
-0.9904830455780029
-0.3245787024497986
-0.9620134234428406
-0.7289539575576782
-0.48343825340270996
-0.9879350662231445
-0.9487617611885071
-0.9924587607383728
-0.8606777787208557
-0.9017660021781921
-0.5432825088500977
-0.9375736117362976
-0.06487299501895905
-0.9656191468238831
-0.7350150942802429
-0.8364036679267883
-0.38447633385658264
-0.9484831690788269
-0.9891397953033447
-0.9870343804359436
-0.8184530735015869
-0.9061232209205627
-0.6937680840492249
-0.7743778824806213
-0.7829727530479431
-0.9730106592178345
-0.6777989864349365
-0.9176496267318726
-0.9550623893737793
-0.9370297789573669
-0.3926236927509308
-0.7039433121681213
-0.912735641002655
-0.9973234534263611
-0.6061915159225464
-0.8440754413604736
-0.955916166305542
-0.6087092757225037
-0.44505539536476135
-0.7331591248512268
-0.9815969467163086
-0.33299607038497925
-0.40916404128074646
-0.9177272319793701
-0.9624409079551697
-0.9717714190483093
-0.8146089315414429
-0.9720792174339294
-0.856753945350647
-0.923319935798645
-0.8622263669967651
-0.9247797727584839
-0.03670321777462959
-0.906635046005249
-0.8165072202682495
-0.8507919907569885
-0.990728497505188
-0.3812553286552429
-0.9543941020965576
-0.7364861965179443
-0.9880101084709167
-0.9564855694770813
-0.7000533938407898
-0.262949138879776
-0.4591450095176697
-0.7408484816551208
-0.9907312989234924
-0.9836828112602234
-0.984439492225647
-0.3318113684654236
-0.5342398285865784
-0.8672627210617065
-0.9967547059059143
-0.9986118078231812
-0.8736393451690674
-0.9699035882949829
-0.7632647156715393
-0.9907863736152649
-0.901746928691864
-0.18556563556194305
-0.9119152426719666
-0.9116215109825134
-0.9796913266181946
-0.4926396906375885
-0.9300627708435059
-0.9886954426765442
-0.4621933102607727
-0.9802601933479309
-0.6516338586807251
-0.7652719020843506
-0.992850661277771
-0.9283372163772583
-0.7174451351165771
-0.9929718375205994
-0.9497842788696289
-0.964158833026886
-0.9554645419120789
-0.9180377125740051
-0.5057497620582581
-0.4210056960582733
-0.8462011814117432
-0.44243261218070984
-0.9585176110267639
-0.9917502999305725
-0.8342776298522949
-0.9910184144973755
-0.9863567352294922
-0.9923200011253357
-0.9570048451423645
-0.9904335737228394
-0.964838981628418
-0.9879833459854126
-0.9582480788230896
-0.9265400171279907
-0.9841490387916565
-0.5278554558753967
-0.8899301290512085
-0.8551317453384399
-0.978984534740448
-0.9501317739486694
-0.4740924835205078
-0.9883384108543396
-0.7988543510437012
-0.9012303352355957
-0.9595127105712891
-0.4836946725845337
-0.6762223839759827
-0.07726456224918365
-0.5331417322158813
-0.3914652466773987
-0.7515837550163269
-0.9954879879951477
-0.2341979742050171
-0.9074475169181824
-0.8316174149513245
-0.9965265393257141
-0.9158083200454712
-0.9498293399810791
-0.985019326210022
-0.849302351474762
-0.9439863562583923
-0.9673358798027039
-0.7828997373580933
-0.9036896228790283
-0.5442251563072205
-0.6831747889518738
-0.8629069328308105
-0.7086032629013062
-0.9641891717910767
-0.8484428524971008
-0.9957102537155151
-0.9686834812164307
-0.9419637322425842
-0.952517569065094
-0.9922339916229248
-0.8846496343612671
-0.8202784061431885
-0.2018532007932663
-0.723513126373291
-0.9001652002334595
-0.9890962243080139
-0.9058265686035156
-0.9807703495025635
-0.9410173892974854
-0.9456038475036621
-0.9510220885276794
-0.9440332651138306
-0.09651439636945724
-0.9947530031204224
-0.11661769449710846
-0.983975887298584
-0.9362289905548096
-0.9979089498519897
-0.8648898601531982
-0.8281446695327759
-0.9634808897972107
-0.9689950942993164
-0.059547796845436096
-0.7746356129646301
-0.9714058041572571
-0.8998252153396606
-0.936057448387146
-0.5583584904670715
-0.45794934034347534
-0.6179317831993103
-0.9230207204818726
-0.8161360621452332
-0.5789331793785095
-0.9291473627090454
-0.9643456935882568
-0.513201117515564
-0.956142246723175
-0.9217581748962402
-0.7230300903320312
-0.9685909748077393
-0.05431952327489853
-0.8583037257194519
-0.2925923466682434
-0.9356255531311035
-0.7022249102592468
-0.7660785913467407
-0.6864386200904846
-0.21215401589870453
-0.9013707637786865
-0.42125076055526733
-0.9438543319702148
-0.8246738314628601
-0.9482266306877136
-0.5175740718841553
-0.7323268055915833
-0.24157536029815674
-0.7409396767616272
-0.9876381158828735
-0.9328557252883911
-0.9884548187255859
-0.9787655472755432
-0.04182472079992294
-0.9676119089126587
-0.9513527154922485
-0.6616180539131165
-0.6112351417541504
-0.9766718149185181
-0.7795326709747314
-0.7288098931312561
-0.8511311411857605
-0.9140287637710571
-0.7391774654388428
-0.9032135009765625
-0.08932226896286011
-0.8828307390213013
-0.9527924656867981
-0.9524434804916382
-0.5332070589065552
-0.987804651260376
-0.9843801259994507
-0.9476589560508728
-0.49795445799827576
-0.5276907682418823
-0.941454291343689
-0.9816405177116394
-0.9919525980949402
-0.94344562292099
-0.5529469847679138
-0.1336611956357956
-0.9141177535057068
-0.9410771131515503
-0.9585102796554565
-0.5047525763511658
-0.22209616005420685
-0.8673027157783508
-0.7171568274497986
-0.9966405630111694
-0.9379392862319946
-0.9500823616981506
-0.27910852432250977
-0.9987548589706421
-0.7491945624351501
-0.9650360941886902
-0.13902893662452698
-0.9908590912818909
-0.7691823244094849
-0.4272117614746094
-0.9862142205238342
-0.9737712740898132
-0.9980010390281677
-0.4688522517681122
-0.885724663734436
-0.8772367238998413
-0.8530770540237427
-0.8424075245857239
-0.2028122991323471
-0.7567406892776489
-0.9981904625892639
-0.9550254344940186
-0.6434364914894104
-0.8811128735542297
-0.8995773196220398
-0.6623418927192688
-0.926821231842041
-0.6181991100311279
-0.9221362471580505
-0.9913088083267212
-0.4270404279232025
-0.9911563396453857
-0.930363118648529
-0.9759451746940613
-0.9558484554290771
-0.9806154370307922
-0.9604952335357666
-0.8308956027030945
-0.932903528213501
-0.7366264462471008
-0.7513944506645203
-0.9177175164222717
-0.8277291059494019
-0.8782333135604858
-0.8912369012832642
-0.7766516804695129
-0.9823128581047058
-0.7356091737747192
-0.988288402557373
-0.9758293628692627
-0.927426815032959
-0.2260274887084961
-0.4099782407283783
-0.28475260734558105
-0.5012896656990051
-0.7163844704627991
-0.5968900322914124
-0.9887095093727112
-0.9143733382225037
-0.9609335660934448
-0.9915056824684143
-0.9980146884918213
-0.9280358552932739
-0.39858925342559814
-0.9421607255935669
-0.9595286250114441
-0.6723040342330933
-0.883853554725647
-0.0160130076110363
-0.6606161594390869
-0.5091003179550171
-0.9829728603363037
-0.573723554611206
-0.7793528437614441
-0.9614039659500122
-0.9931207299232483
-0.9664521217346191
-0.9325512647628784
-0.9942471981048584
-0.971464991569519
-0.9322550296783447
-0.5618702173233032
-0.86676025390625
-0.7746236324310303
-0.13825605809688568
-0.584943950176239
-0.6452613472938538
-0.6544710993766785
-0.35181185603141785
-0.6808685660362244
-0.9986475110054016
-0.9957977533340454
-0.9864618182182312
-0.9487572312355042
-0.9289076924324036
-0.992980420589447
-0.7562227845191956
-0.9359505772590637
-0.6564571261405945
-0.9397307634353638
-0.858535885810852
-0.9512966275215149
-0.6494876146316528
-0.5853282809257507
-0.8355199098587036
-0.99319988489151
-0.5353123545646667
-0.893129289150238
-0.29310470819473267
-0.9723963737487793
-0.10071616619825363
-0.7079139947891235
-0.7847574949264526
-0.987266480922699
-0.9458487629890442
-0.9039177298545837
-0.9501189589500427
-0.9954416751861572
-0.9433026909828186
-0.9864513874053955
-0.9881459474563599
-0.6569420695304871
-0.5167094469070435
-0.9886829257011414
-0.19613240659236908
-0.8864339590072632
-0.9835493564605713
-0.9259117841720581
-0.819596529006958
-0.9633572101593018
-0.9907676577568054
-0.79610675573349
-0.44883444905281067
-0.8016295433044434
-0.290302038192749
-0.9806686043739319
-0.9459770917892456
-0.8480542302131653
-0.6171798706054688
-0.8493591547012329
-0.874483585357666
-0.9912933707237244
-0.956436276435852
-0.9586739540100098
-0.3294200599193573
-0.995796799659729
-0.9369306564331055
-0.3010963499546051
-0.9381952285766602
-0.855769693851471
-0.8246002197265625
-0.9488128423690796
-0.6669571399688721
-0.9507941007614136
-0.9930304884910583
-0.6594246029853821
-0.6846950650215149
-0.26400887966156006
-0.9337669014930725
-0.9537267088890076
-0.9216229319572449
-0.10907312482595444
-0.9474697113037109
-0.9743525981903076
-0.9673677682876587
-0.992611825466156
-0.9604304432868958
-0.8714591264724731
-0.7783517241477966
-0.9375002384185791
-0.8729865550994873
-0.992233395576477
-0.9833565950393677
-0.6843125224113464
-0.9692429900169373
-0.9816288948059082
-0.9467478394508362
-0.6889962553977966
-0.9714387655258179
-0.7541630268096924
-0.5778067708015442
-0.6736245155334473
-0.982107937335968
-0.8838856816291809
-0.9040318131446838
-0.9821021556854248
-0.6733959913253784
-0.38057559728622437
-0.43310582637786865
-0.9386560916900635
-0.8289767503738403
-0.9153343439102173
-0.7379906177520752
-0.9396427273750305
-0.958739161491394
-0.8902062773704529
-0.9849095940589905
-0.8169568777084351
-0.8255535364151001
-0.9754298329353333
-0.992286205291748
-0.7227878570556641
-0.9919443130493164
-0.946254551410675
-0.5925881266593933
-0.9486307501792908
-0.95366370677948
-0.8209310173988342
-0.9700533151626587
-0.8905930519104004
-0.9244091510772705
-0.21892814338207245
-0.7106339931488037
-0.9910202622413635
-0.9367585182189941
-0.642070472240448
-0.9508084058761597
-0.9757964611053467
-0.31055575609207153
-0.7109005451202393
-0.28018027544021606
-0.8511119484901428
-0.724553644657135
-0.8474201560020447
-0.99604332447052
-0.8926356434822083
-0.9835618138313293
-0.9504249095916748
-0.13587678968906403
-0.60099858045578
-0.39393243193626404
-0.8546422719955444
-0.9577710628509521
-0.2684425413608551
-0.8210275769233704
-0.9889726042747498
-0.9708335995674133
-0.9845884442329407
-0.8812656402587891
-0.5186997652053833
-0.9026018381118774
-0.892815113067627
-0.8201645016670227
-0.46321284770965576
-0.9889756441116333
-0.9693830013275146
-0.9607179760932922
-0.9235404133796692
-0.9459173679351807
-0.966961681842804
-0.9859182834625244
-0.9921446442604065
-0.8327545523643494
-0.7249764204025269
-0.7647297382354736
-0.42948785424232483
-0.9057310819625854
-0.8957577347755432
-0.9383362531661987
-0.9952390193939209
-0.8948975801467896
-0.9182099103927612
-0.9849136471748352
-0.9462324380874634
-0.9750369787216187
-0.9758161902427673
-0.9680880904197693
-0.9854433536529541
-0.2960200905799866
-0.9409047365188599
-0.9543284177780151
-0.6124764084815979
-0.7923335433006287
-0.9197906255722046
-0.8497353792190552
-0.5516843795776367
-0.8519612550735474
-0.7395583987236023
-0.1749892234802246
-0.9039360880851746
-0.7596611976623535
-0.6221824884414673
-0.9859446287155151
-0.9267168045043945
-0.7366883158683777
-0.9960862398147583
-0.630149245262146
-0.9725128412246704
-0.5100677609443665
-0.9203407764434814
-0.9684000015258789
-0.9894183278083801
-0.40092089772224426
-0.9897028803825378
-0.6126641035079956
-0.941857635974884
-0.9957211017608643
-0.9200056791305542
-0.9129117131233215
-0.9969255328178406
-0.8529450297355652
-0.931427538394928
-0.7651416659355164
-0.9441016912460327
-0.2293388992547989
-0.9645202159881592
-0.7817211151123047
-0.9892624020576477
-0.6008269786834717
-0.23645377159118652
-0.9938725233078003
-0.980430543422699
-0.6947458982467651
-0.9544565677642822
-0.8944995403289795
-0.9837104082107544
-0.972875714302063
-0.980097234249115
-0.9895374774932861
-0.9865162372589111
-0.574191153049469
-0.8440369963645935
-0.5337194204330444
-0.8643146753311157
-0.5891836881637573
-0.8003985285758972
-0.9449023604393005
-0.9897066354751587
-0.7594293355941772
-0.9252772331237793
-0.9772142171859741
-0.9031243324279785
-0.9082717299461365
-0.16968436539173126
-0.9490646719932556
-0.9958337545394897
-0.8955042362213135
-0.34385302662849426
-0.8860074877738953
-0.938896656036377
-0.998422384262085
-0.6241830587387085
-0.8039015531539917
-0.9940921664237976
-0.6806879043579102
-0.7346159815788269
-0.7238877415657043
-0.7300968170166016
-0.8507814407348633
-0.9594972133636475
-0.9923356175422668
-0.9675800204277039
-0.8966684937477112
-0.10630185157060623
-0.9274367690086365
-0.8840373158454895
-0.8477762937545776
-0.5867142677307129
-0.9922932386398315
-0.2603779733181
-0.9874327778816223
-0.9772678017616272
-0.8667137622833252
-0.9734795093536377
-0.9842623472213745
-0.9719688296318054
-0.9592017531394958
-0.909386932849884
-0.9059351682662964
-0.9923362135887146
-0.15191616117954254
-0.9302936792373657
-0.3328879177570343
-0.7906534075737
-0.9336026310920715
-0.8311390280723572
-0.986093282699585
-0.9025943279266357
-0.9365590810775757
-0.9561907649040222
-0.9541992545127869
-0.9842908382415771
-0.8980201482772827
-0.5642516016960144
-0.6917843222618103
-0.9806697964668274
-0.507561445236206
-0.6842085719108582
-0.9838718175888062
-0.9410620331764221
-0.9955590963363647
-0.8293406963348389
-0.36988964676856995
-0.9792790412902832
-0.9785494208335876
-0.6206111311912537
-0.9152657985687256
-0.984721839427948
-0.765658438205719
-0.8365529179573059
-0.9961965084075928
-0.7810196280479431
-0.9843379855155945
-0.708281397819519
-0.8506444096565247
-0.49979108572006226
-0.3533516228199005
-0.7369340062141418
-0.22885914146900177
-0.9063602685928345
-0.8065866827964783
-0.8752740621566772
-0.9959537982940674
-0.9248983860015869
-0.9707919955253601
-0.9783185720443726
-0.9781161546707153
-0.8300243616104126
-0.6252248287200928
-0.9807757139205933
-0.9529315829277039
-0.916400671005249
-0.8932258486747742
-0.9382054805755615
-0.20132671296596527
-0.5329402089118958
-0.9880148768424988
-0.9295321106910706
-0.20864039659500122
-0.9542436599731445
-0.947172224521637
-0.9551230669021606
-0.717194676399231
-0.993134617805481
-0.9832853674888611
-0.6301720142364502
-0.9077382683753967
-0.6413096189498901
-0.9889450669288635
-0.9767071008682251
-0.7832255959510803
-0.4101063311100006
-0.9658539891242981
-0.5286234021186829
-0.48638951778411865
-0.8463435769081116
-0.9880066514015198
-0.860797643661499
-0.9802631735801697
-0.532758891582489
-0.9596982002258301
-0.9440938234329224
-0.8441134691238403
-0.9248358607292175
-0.4029264748096466
-0.8432217836380005
-0.8901241421699524
-0.6486121416091919
-0.9689632058143616
-0.9376134276390076
-0.8911423683166504
-0.994469404220581
-0.11337900906801224
-0.4863312542438507
-0.5939657092094421
-0.913405179977417
-0.4705043435096741
-0.8468073010444641
-0.8237394690513611
-0.9346904158592224
-0.35700130462646484
-0.901902437210083
-0.487729012966156
-0.8318588733673096
-0.9959847927093506
-0.6378000974655151
-0.14432938396930695
-0.9809159636497498
-0.997553288936615
-0.7217239141464233
-0.9799373745918274
-0.7655335664749146
-0.997316300868988
-0.9550021290779114
-0.9754990339279175
-0.2352517694234848
-0.9919254183769226
-0.4360756278038025
-0.29849913716316223
-0.4265352189540863
-0.9885916113853455
-0.8291847705841064
-0.9730312824249268
-0.9937200546264648
-0.6888097524642944
-0.85567307472229
-0.6368120908737183
-0.9335241913795471
-0.7519701719284058
-0.9678175449371338
-0.8565768599510193
-0.8424323201179504
-0.6631994843482971
-0.9514975547790527
-0.9785131216049194
-0.9936599135398865
-0.9236222505569458
-0.051502857357263565
-0.9986213445663452
-0.3386872112751007
-0.992109477519989
-0.4485488831996918
-0.9290200471878052
-0.3573363125324249
-0.825790286064148
-0.9561495780944824
-0.9989987015724182
-0.6986330151557922
-0.7850598692893982
-0.9977409839630127
-0.9300793409347534
-0.9854148626327515
-0.9692797064781189
-0.8299041986465454
-0.9111693501472473
-0.9786866307258606
-0.9352738857269287
-0.5803674459457397
-0.7118276357650757
-0.9028013348579407
-0.748604953289032
-0.22505033016204834
-0.35795795917510986
-0.987095057964325
-0.9472997188568115
-0.8914163112640381
-0.9259226322174072
-0.9766696691513062
-0.9853076934814453
-0.9579362869262695
-0.07985430210828781
-0.5523735880851746
-0.43143874406814575
-0.9427314400672913
-0.9864158630371094
-0.8761942982673645
-0.9912996888160706
-0.9942567944526672
-0.9984849095344543
-0.19740524888038635
-0.6165575981140137
-0.9752677083015442
-0.538444459438324
-0.6995882987976074
-0.9832131862640381
-0.8641478419303894
-0.3737669885158539
-0.7886102199554443
-0.6901676058769226
-0.6632901430130005
-0.6509110331535339
-0.976357638835907
-0.7474896311759949
-0.7201755046844482
-0.8831526041030884
-0.9637847542762756
-0.13610891997814178
-0.9951751232147217
-0.9978252649307251
-0.957343578338623
-0.8153067231178284
-0.9793917536735535
-0.9622730016708374
-0.9390324354171753
-0.9810057878494263
-0.8616752028465271
-0.9469494819641113
-0.9195030331611633
-0.9621204733848572
-0.7605918049812317
-0.9793335795402527
-0.4224125146865845
-0.9909234642982483
-0.901878297328949
-0.9577641487121582
-0.6796380877494812
-0.9734949469566345
-0.8790659308433533
-0.9137939214706421
-0.5321089625358582
-0.6653148531913757
-0.9972838163375854
-0.8520316481590271
-0.9920085668563843
-0.6790409088134766
-0.9375007748603821
-0.9524784088134766
-0.9710644483566284
-0.7643228769302368
-0.9831658601760864
-0.8585823774337769
-0.9564408659934998
-0.17105041444301605
-0.9952194094657898
-0.8638803362846375
-0.3573644459247589
-0.9590394496917725
-0.9289369583129883
-0.9373264908790588
-0.9944028258323669
-0.9244137406349182
-0.6156753301620483
-0.9408737421035767
-0.4115200638771057
-0.8983725905418396
-0.8864621520042419
-0.9552626013755798
-0.8243752121925354
-0.6172914505004883
-0.9613363146781921
-0.4156286120414734
-0.9931309819221497
-0.9370410442352295
-0.997093915939331
-0.9803077578544617
-0.9227766394615173
-0.6988289952278137
-0.968238353729248
-0.9824404716491699
-0.8483087420463562
-0.8300445675849915
-0.3384256064891815
-0.9939476251602173
-0.9895929098129272
-0.9634460210800171
-0.8493453860282898
-0.7497321963310242
-0.9746065139770508
-0.5286005735397339
-0.9395283460617065
-0.2840457260608673
-0.987250030040741
-0.7234424352645874
-0.4695640802383423
-0.345341295003891
-0.8384050726890564
-0.12011601030826569
-0.6912767291069031
-0.8797296285629272
-0.9951115250587463
-0.9604144096374512
-0.8533733487129211
-0.4039665758609772
-0.8516080975532532
-0.9246432781219482
-0.02476993389427662
-0.9817219376564026
-0.9244865775108337
-0.6498897671699524
-0.9902984499931335
-0.5622010231018066
-0.9815658330917358
-0.04966100677847862
-0.8914735317230225
-0.8285725712776184
-0.9184480905532837
-0.886479377746582
-0.11375974118709564
-0.763756513595581
-0.3867134749889374
-0.8893086910247803
-0.9680792689323425
-0.8376666903495789
-0.925318717956543
-0.7974222898483276
-0.9025569558143616
-0.9218831062316895
-0.7068044543266296
-0.8854929208755493
-0.7418532967567444
-0.8929805755615234
-0.33725595474243164
-0.9970378875732422
-0.517945408821106
-0.40600326657295227
-0.583589494228363
-0.9766082763671875
-0.432428777217865
-0.5898975729942322
-0.9371529817581177
-0.984849214553833
-0.732323169708252
-0.5336496829986572
-0.9968177080154419
-0.4625750482082367
-0.9570868611335754
-0.8633410930633545
-0.527464747428894
-0.8838614821434021
-0.8260579705238342
-0.9278921484947205
-0.7302943468093872
-0.7744531035423279
-0.6509428024291992
-0.975939154624939
-0.8574668169021606
-0.985614001750946
-0.8092776536941528
-0.633499801158905
-0.985526442527771
-0.7115682363510132
-0.9729787111282349
-0.7774563431739807
-0.9583948850631714
-0.8964638113975525
-0.9220443964004517
-0.9560663104057312
-0.9810891151428223
-0.9319193959236145
-0.9541589021682739
-0.5903481841087341
-0.6078768372535706
-0.8104763627052307
-0.9711073637008667
-0.09715826064348221
-0.876904308795929
-0.9042912721633911
-0.3911655843257904
-0.6896445155143738
-0.9939403533935547
-0.9514665603637695
-0.6660041213035583
-0.5299621224403381
-0.9688434600830078
-0.08443469554185867
-0.9259079098701477
-0.5893570184707642
-0.9543941020965576
-0.9798492789268494
-0.9476526379585266
-0.5432645082473755
-0.9801332950592041
-0.9434123039245605
-0.9946013689041138
-0.972213625907898
-0.6163336634635925
-0.8176537156105042
-0.9556143283843994
-0.8573731184005737
-0.23184627294540405
-0.9477326273918152
-0.24702544510364532
-0.4089197814464569
-0.9576003551483154
-0.9185574054718018
-0.743872344493866
-0.7959855198860168
-0.6587607264518738
-0.8418054580688477
-0.9747164845466614
-0.9963833093643188
-0.5765954852104187
-0.9838391542434692
-0.9919490814208984
-0.9569369554519653
-0.9671043753623962
-0.6765230298042297
-0.18476219475269318
-0.9569881558418274
-0.9250664710998535
-0.47954005002975464
-0.7437205910682678
-0.9862209558486938
-0.9630228281021118
-0.9134590029716492
-0.9125908613204956
-0.942926824092865
-0.2822582721710205
-0.5232533812522888
-0.8680528998374939
-0.6662493348121643
-0.9964698553085327
-0.9021440148353577
-0.99664705991745
-0.972599446773529
-0.8887941241264343
-0.43194547295570374
-0.627451479434967
-0.7740690112113953
-0.5692837834358215
-0.830877423286438
-0.9175466895103455
-0.9871786832809448
-0.054360222071409225
-0.9651569128036499
-0.9498001337051392
-0.9307718276977539
-0.9958118200302124
-0.9222831726074219
-0.9390443563461304
-0.14636653661727905
-0.9017960429191589
-0.941606879234314
-0.9400364756584167
-0.9520126581192017
-0.927792489528656
-0.9802204370498657
-0.7758517265319824
-0.8596646785736084
-0.9759455323219299
-0.5925707221031189
-0.9806020259857178
-0.9922419786453247
-0.9582856297492981
-0.2242266833782196
-0.9307990670204163
-0.6975859999656677
-0.9711102843284607
-0.8587892651557922
-0.9849522709846497
-0.3386397063732147
-0.08899147063493729
-0.18832913041114807
-0.6805155873298645
-0.9926593899726868
-0.9703376889228821
-0.7400665283203125
-0.9153308272361755
-0.7822418212890625
-0.6147624850273132
-0.8449777364730835
-0.40668216347694397
-0.9934256076812744
-0.9719743132591248
-0.72634357213974
-0.9937084913253784
-0.680741548538208
-0.5667479634284973
-0.8381656408309937
-0.862200140953064
-0.9358042478561401
-0.9238274097442627
-0.9692386984825134
-0.8644005656242371
-0.9268150925636292
-0.9928948283195496
-0.41157931089401245
-0.9961932897567749
-0.9905718564987183
-0.7957401871681213
-0.9833387136459351
-0.9683712720870972
-0.5861012935638428
-0.9102595448493958
-0.6744367480278015
-0.8131243586540222
-0.9918652176856995
-0.9887067079544067
-0.9174377918243408
-0.9800281524658203
-0.9840713739395142
-0.16431879997253418
-0.980626106262207
-0.9027760028839111
-0.8051708340644836
-0.9485716223716736
-0.9447446465492249
-0.9366296529769897
-0.020058156922459602
-0.677656888961792
-0.9727869033813477
-0.751401960849762
-0.4371778666973114
-0.9920083284378052
-0.8447147011756897
-0.9260321855545044
-0.9774500131607056
-0.17576472461223602
-0.8212146162986755
-0.8043469190597534
-0.8991811275482178
-0.9123749732971191
-0.7119931578636169
-0.9377365112304688
-0.8976283669471741
-0.7601258754730225
-0.5065854787826538
-0.5853598117828369
-0.8437394499778748
-0.9772840142250061
-0.9992250204086304
-0.9925088286399841
-0.7548478841781616
-0.9836602210998535
-0.958799421787262
-0.8959481120109558
-0.9979612827301025
-0.541686475276947
-0.7930688261985779
-0.37489640712738037
-0.942155659198761
-0.996817946434021
-0.9885764718055725
-0.9978482723236084
-0.7288908362388611
-0.9773314595222473
-0.9408227205276489
-0.4854583442211151
-0.9762668609619141
-0.7840455770492554
-0.9763776063919067
-0.8832071423530579
-0.3233087360858917
-0.5249937176704407
-0.9564587473869324
-0.9867252111434937
-0.6035832166671753
-0.9701594710350037
-0.13441810011863708
-0.9347347617149353
-0.9799153804779053
-0.9882681965827942
-0.15921732783317566
-0.8259587287902832
-0.8809748291969299
-0.46788012981414795
-0.6629988551139832
-0.9572083353996277
-0.7382315397262573
-0.786404013633728
-0.7485596537590027
-0.2680762708187103
-0.6161389946937561
-0.9725779294967651
-0.4558427035808563
-0.7478431463241577
-0.7608540654182434
-0.6400153040885925
-0.9500100612640381
-0.4722156226634979
-0.8047729730606079
-0.8832398056983948
-0.6928989291191101
-0.9707331657409668
-0.9089083671569824
-0.052622292190790176
-0.8660673499107361
-0.798667848110199
-0.29771149158477783
-0.9722434878349304
-0.8853055238723755
-0.9952635765075684
-0.8879862427711487
-0.9930452704429626
-0.6271668076515198
-0.48340117931365967
-0.7452818751335144
-0.9174644947052002
-0.7507084012031555
-0.9651591181755066
-0.9982481002807617
-0.9715808033943176
-0.5336737632751465
-0.9054471254348755
-0.9872727990150452
-0.8698738217353821
-0.9796558618545532
-0.9942554831504822
-0.7710046172142029
-0.7764549851417542
-0.9973439574241638
-0.24414506554603577
-0.5238843560218811
-0.5290523767471313
-0.8340112566947937
-0.6294804811477661
-0.9281988143920898
-0.37794211506843567
-0.9968938827514648
-0.996370792388916
-0.9807935953140259
-0.20735102891921997
-0.9935008883476257
-0.3824033737182617
-0.88240647315979
-0.9944562911987305
-0.9129968881607056
-0.9028242826461792
-0.5505449175834656
-0.9263927936553955
-0.6100221276283264
-0.942254900932312
-0.875577986240387
-0.9896765351295471
-0.9886043071746826
-0.5318942666053772
-0.866206705570221
-0.998247504234314
-0.9730632305145264
-0.8072062134742737
-0.9927886128425598
-0.8960883021354675
-0.43132826685905457
-0.9937455654144287
-0.8855025172233582
-0.9678527116775513
-0.9921051263809204
-0.9787232875823975
-0.971085786819458
-0.5767823457717896
-0.9176724553108215
-0.5138130784034729
-0.9183729887008667
-0.9928486347198486
-0.32107457518577576
-0.987097442150116
-0.8801280856132507
-0.5590890645980835
-0.2914133369922638
-0.6386629343032837
-0.9840829968452454
-0.9938137531280518
-0.9721911549568176
-0.5600622296333313
-0.9953944683074951
-0.9945904016494751
-0.9003973603248596
-0.9253302216529846
-0.7466298341751099
-0.8314110040664673
-0.8497016429901123
-0.10096480697393417
-0.959909200668335
-0.6863129138946533
-0.03089764155447483
-0.9871901869773865
-0.9708141684532166
-0.5748828053474426
-0.9756590127944946
-0.9439762234687805
-0.7717124223709106
-0.7955140471458435
-0.5556652545928955
-0.9037874341011047
-0.20635397732257843
-0.06629997491836548
-0.9752334356307983
-0.9654878973960876
-0.8653715252876282
-0.8147225379943848
-0.8991361856460571
-0.9419803023338318
-0.9914491772651672
-0.9195356965065002
-0.8275574445724487
-0.9294756650924683
-0.642808735370636
-0.8843089938163757
-0.5690793991088867
-0.9401638507843018
-0.9011040329933167
-0.9331894516944885
-0.982464611530304
-0.8228697180747986
-0.9715733528137207
-0.3223245143890381
-0.9860186576843262
-0.9848383665084839
-0.7912582755088806
-0.8782557249069214
-0.9903483390808105
-0.9498522877693176
-0.9316850304603577
-0.6731133460998535
-0.9254888892173767
-0.5900514721870422
-0.35791945457458496
-0.8838183283805847
-0.9872362017631531
-0.831386387348175
-0.9138897061347961
-0.6692363023757935
-0.991798996925354
-0.8876590728759766
-0.5647706389427185
-0.9669250845909119
-0.8651244044303894
-0.9965928196907043
-0.8839269280433655
-0.9812059998512268
-0.6842644214630127
-0.9779660105705261
-0.7278592586517334
-0.9501566290855408
-0.6397600769996643
-0.9845854640007019
-0.3449263870716095
-0.9851971864700317
-0.8074068427085876
-0.46386128664016724
-0.9907680153846741
-0.8930357694625854
-0.9481256604194641
-0.3980270326137543
-0.8952158689498901
-0.04651520401239395
-0.370891273021698
-0.9203242063522339
-0.9078001379966736
-0.6165152788162231
-0.8865152597427368
-0.918825626373291
-0.9818857312202454
-0.993354082107544
-0.7070217728614807
-0.7568014860153198
-0.7551425099372864
-0.9409804344177246
-0.9180658459663391
-0.44765788316726685
-0.7882152199745178
-0.6812918782234192
-0.2825395166873932
-0.8575403690338135
-0.7337170243263245
-0.9794875979423523
-0.7751404047012329
-0.49812984466552734
-0.9911357164382935
-0.7412505149841309
-0.9842394590377808
-0.9100595712661743
-0.7487385272979736
-0.8851724863052368
-0.373677134513855
-0.9851447343826294
-0.9770483374595642
-0.972791850566864
-0.4038071632385254
-0.9865046143531799
-0.733393669128418
-0.982276976108551
-0.9974568486213684
-0.9326252937316895
-0.00976785458624363
-0.4748804569244385
-0.4561772644519806
-0.9915675520896912
-0.9773958325386047
-0.9434264302253723
-0.7746789455413818
-0.9909490942955017
-0.6939095258712769
-0.8932893872261047
-0.886284351348877
-0.9247792959213257
-0.987851619720459
-0.9950950145721436
-0.8896772861480713
-0.9772926568984985
-0.6979291439056396
-0.9514151215553284
-0.8288013339042664
-0.9139727354049683
-0.39534881711006165
-0.8712494969367981
-0.7579958438873291
-0.9367966055870056
-0.9673917293548584
-0.9340003132820129
-0.9900978803634644
-0.9939988851547241
-0.9593146443367004
-0.9910263419151306
-0.9458528161048889
-0.867207944393158
-0.8665771484375
-0.9923785924911499
-0.5303055047988892
-0.6558380722999573
-0.8637421131134033
-0.9113121032714844
-0.9588080644607544
-0.9220204949378967
-0.8972572684288025
-0.9595136046409607
-0.9967913031578064
-0.9517074227333069
-0.966887891292572
-0.9891856908798218
-0.9962431192398071
-0.14871808886528015
-0.614345908164978
-0.8400630950927734
-0.9165127873420715
-0.3064737617969513
-0.898544430732727
-0.9594787955284119
-0.9911372661590576
-0.9736378788948059
-0.9904147386550903
-0.997028648853302
-0.9958771467208862
-0.938794732093811
-0.9691218137741089
-0.03283948451280594
-0.9286386370658875
-0.8954657912254333
-0.6554085612297058
-0.9475404620170593
-0.9863880276679993
-0.584621012210846
-0.997972309589386
-0.7778257727622986
-0.9909642934799194
-0.4343370497226715
-0.7816301584243774
-0.7041928172111511
-0.4860551357269287
-0.6449597477912903
-0.7154645919799805
-0.8947134613990784
-0.9213346242904663
-0.9010503888130188
-0.7773101329803467
-0.8492031693458557
-0.9145235419273376
-0.9456356167793274
-0.12448962032794952
-0.9785995483398438
-0.24070721864700317
-0.9849219918251038
-0.9033514261245728
-0.25412803888320923
-0.9926897883415222
-0.9950520396232605
-0.958507239818573
-0.9715322852134705
-0.982225239276886
-0.44310054183006287
-0.08908817172050476
-0.9839390516281128
-0.9972354769706726
-0.946672260761261
-0.9515907168388367
-0.9533922076225281
-0.6240792870521545
-0.4783324599266052
-0.6978951692581177
-0.9467037916183472
-0.7485740780830383
-0.990717351436615
-0.9611265659332275
-0.8277155160903931
-0.7996371388435364
-0.5946245789527893
-0.9978668093681335
-0.977174699306488
-0.5946754813194275
-0.34309062361717224
-0.9044756293296814
-0.8918431401252747
-0.16565893590450287
-0.9937387704849243
-0.9794654250144958
-0.44637569785118103
-0.5477265119552612
-0.9341079592704773
-0.288868248462677
-0.04582447186112404
-0.35745349526405334
-0.992308497428894
-0.991908609867096
-0.8940027356147766
-0.9078900218009949
-0.9715816974639893
-0.9936145544052124
-0.6138483881950378
-0.7803347110748291
-0.9762141108512878
-0.7639771103858948
-0.7328111529350281
-0.9827143549919128
-0.980277955532074
-0.9337825179100037
-0.8203431963920593
-0.8677533268928528
-0.3246179223060608
-0.4278087019920349
-0.9949432015419006
-0.9917987585067749
-0.9630151391029358
-0.9623705744743347
-0.994078516960144
-0.6081750988960266
-0.8478889465332031
-0.8887411952018738
-0.9195817708969116
-0.8218852281570435
-0.9722703099250793
-0.8855242133140564
-0.9739010334014893
-0.7064546942710876
-0.8393269777297974
-0.7261592149734497
-0.9448333978652954
-0.9848335385322571
-0.9844282865524292
-0.9837940335273743
-0.9385967254638672
-0.989173412322998
-0.7959815859794617
-0.5991878509521484
-0.8758169412612915
-0.9906214475631714
-0.9913467764854431
-0.9724789261817932
-0.9967304468154907
-0.8434063196182251
-0.9709086418151855
-0.906302273273468
-0.636828601360321
-0.9612641334533691
-0.6955287456512451
-0.8891196846961975
-0.8405148386955261
-0.43160417675971985
-0.9960862398147583
-0.8345350027084351
-0.9387701749801636
-0.9960218071937561
-0.8571130037307739
-0.9292774796485901
-0.967789888381958
-0.9952119588851929
-0.3762548565864563
-0.9862132668495178
-0.9178895354270935
-0.9832883477210999
-0.9851911664009094
-0.9907352924346924
-0.9210001230239868
-0.9232553839683533
-0.90152508020401
-0.9417032599449158
-0.814973771572113
-0.8859559893608093
-0.2373531460762024
-0.9809581637382507
-0.9749816060066223
-0.9883429408073425
-0.403238981962204
-0.4849969744682312
-0.9416201114654541
-0.8202306628227234
-0.9924505352973938
-0.3817143738269806
-0.4378434419631958
-0.8514277935028076
-0.7154008150100708
-0.8117527961730957
-0.7571797370910645
-0.9931380152702332
-0.8482221364974976
-0.9723303318023682
-0.7930102348327637
-0.033541299402713776
-0.7862910032272339
-0.8571875691413879
-0.9298170804977417
-0.48099851608276367
-0.9737894535064697
-0.9794096946716309
-0.7795635461807251
-0.09456437826156616
-0.698672890663147
-0.9976416826248169
-0.19261032342910767
-0.9708409905433655
-0.3435007631778717
-0.9133393168449402
-0.9713885188102722
-0.9548693299293518
-0.2555878460407257
-0.9555017948150635
-0.9927438497543335
-0.971524715423584
-0.772490382194519
-0.9507315754890442
-0.27426525950431824
-0.6646045446395874
-0.7422489523887634
-0.9638183116912842
-0.8643329739570618
-0.8348618149757385
-0.9747412800788879
-0.971376359462738
-0.9008400440216064
-0.6917492151260376
-0.6512485146522522
-0.5088292360305786
-0.8677043318748474
-0.7676308155059814
-0.49025198817253113
-0.4910089373588562
-0.6759305596351624
-0.7739476561546326
-0.8954378962516785
-0.8079431056976318
-0.9498621821403503
-0.8519153594970703
-0.8780592083930969
-0.8926889896392822
-0.9916776418685913
-0.45955321192741394
-0.6170401573181152
-0.6241164207458496
-0.7533214688301086
-0.9962236881256104
-0.9828619956970215
-0.99915611743927
-0.9899308681488037
-0.842334508895874
-0.2546623945236206
-0.9053759574890137
-0.3965005874633789
-0.8262514472007751
-0.9811862707138062
-0.9970076680183411
-0.9897640943527222
-0.9761882424354553
-0.9085733890533447
-0.9957590699195862
-0.8498539328575134
-0.7579747438430786
-0.9648609161376953
-0.5127145051956177
-0.7781528830528259
-0.7999643087387085
-0.7555323839187622
-0.896717369556427
-0.9912582039833069
-0.9927796721458435
-0.947198212146759
-0.9791305661201477
-0.8927376866340637
-0.5783734321594238
-0.9684973955154419
-0.7709818482398987
-0.9942723512649536
-0.976987361907959
-0.7931845784187317
-0.9790911078453064
-0.605630099773407
-0.48532986640930176
-0.8474698066711426
-0.5545513033866882
-0.9165046811103821
-0.9961918592453003
-0.9852098822593689
-0.9753620624542236
-0.9820256233215332
-0.929425835609436
-0.99623703956604
-0.9210882782936096
-0.6003654599189758
-0.9751024842262268
-0.6991560459136963
-0.8632069230079651
-0.9540360569953918
-0.7850192189216614
-0.9486232399940491
-0.9415633082389832
-0.9576940536499023
-0.8900760412216187
-0.9707015752792358
-0.8945728540420532
-0.9925697445869446
-0.9569073915481567
-0.4554733335971832
-0.9192917346954346
-0.9609370827674866
-0.9586825966835022
-0.7228038311004639
-0.8797392249107361
-0.8786073327064514
-0.9847187399864197
-0.49184924364089966
-0.12661880254745483
-0.5413172245025635
-0.9842750430107117
-0.335636168718338
-0.9319011569023132
-0.9598188996315002
-0.9969682097434998
-0.9976814985275269
-0.9045897126197815
-0.9462350010871887
-0.5783630013465881
-0.9496691226959229
-0.6217106580734253
-0.6387467980384827
-0.9944069385528564
-0.5003801584243774
-0.4141492247581482
-0.9584445953369141
-0.9039326310157776
-0.8875312209129333
-0.7555967569351196
-0.9924973249435425
-0.9256631135940552
-0.9293391108512878
-0.9965674877166748
-0.8511499762535095
-0.9974997639656067
-0.9623408913612366
-0.8046059608459473
-0.9911614656448364
-0.9845876693725586
-0.8788737058639526
-0.8946555256843567
-0.676880955696106
-0.9967717528343201
-0.9045827984809875
-0.9981117248535156
-0.9411746859550476
-0.9662799835205078
-0.45955711603164673
-0.6496201157569885
-0.506331205368042
-0.9699658751487732
-0.92464280128479
-0.020861024037003517
-0.6450075507164001
-0.6393216252326965
-0.4590315520763397
-0.9320235252380371
-0.9869921207427979
-0.9596268534660339
-0.9732068181037903
-0.6540259122848511
-0.8068932890892029
-0.9370372891426086
-0.9738661050796509
-0.7253628969192505
-0.1335192620754242
-0.9500381350517273
-0.48886772990226746
-0.9697679281234741
-0.9234281778335571
-0.8925629258155823
-0.3919840455055237
-0.9432512521743774
-0.9768937230110168
-0.9648036360740662
-0.9571723937988281
-0.6591507196426392
-0.9582101106643677
-0.9762658476829529
-0.9785864949226379
-0.15931349992752075
-0.9686844944953918
-0.3146868646144867
-0.04823270067572594
-0.9808305501937866
-0.9978985786437988
-0.9741106033325195
-0.6042127013206482
-0.8610507845878601
-0.9795522093772888
-0.943621039390564
-0.970481276512146
-0.671103835105896
-0.9855896830558777
-0.261406809091568
-0.031644776463508606
-0.9600802659988403
-0.9567819833755493
-0.8566398620605469
-0.9792294502258301
-0.9905506372451782
-0.9749960899353027
-0.7901929020881653
-0.8082526922225952
-0.9956725835800171
-0.9858630299568176
-0.9433353543281555
-0.9897339940071106
-0.9937378168106079
-0.9719165563583374
-0.9871019124984741
-0.9132125377655029
-0.9945889711380005
-0.990435779094696
-0.9914416670799255
-0.8488654494285583
-0.6165080666542053
-0.9133579134941101
-0.9822314381599426
-0.9708652496337891
-0.5753225684165955
-0.9236240983009338
-0.9668670296669006
-0.2603031396865845
-0.8240082859992981
-0.9887127876281738
-0.14073987305164337
-0.7671048641204834
-0.7634310722351074
-0.35677647590637207
-0.43515998125076294
-0.9886493682861328
-0.964965283870697
-0.9748826622962952
-0.9527287483215332
-0.9913331866264343
-0.8900722861289978
-0.7377802133560181
-0.9901131391525269
-0.2249348908662796
-0.994714081287384
-0.8230462670326233
-0.7831026315689087
-0.6767469048500061
-0.9795942902565002
-0.7546354532241821
-0.8281877636909485
-0.6696518063545227
-0.9600845575332642
-0.9268213510513306
-0.9958091974258423
-0.9974763989448547
-0.958305835723877
-0.9859678745269775
-0.9164417386054993
-0.8231528401374817
-0.5753957033157349
-0.982797384262085
-0.8466535806655884
-0.7225269079208374
-0.28024330735206604
-0.9553458094596863
-0.5915035605430603
-0.993010938167572
-0.9792155027389526
-0.8901902437210083
-0.611851155757904
-0.9428293108940125
-0.8609552979469299
-0.9820483326911926
-0.8833311200141907
-0.7283880710601807
-0.9700630903244019
-0.8676216006278992
-0.9484034776687622
-0.8901776671409607
-0.7617998123168945
-0.20030930638313293
-0.9649533629417419
-0.7513728141784668
-0.8815595507621765
-0.9708107709884644
-0.40871042013168335
-0.5317049622535706
-0.9498475193977356
-0.9289413690567017
-0.6956344842910767
-0.4164653718471527
-0.9982365369796753
-0.9917243123054504
-0.9578322768211365
-0.9872657060623169
-0.8581783175468445
-0.9774159789085388
-0.9868935346603394
-0.9546375274658203
-0.725977897644043
-0.9383907318115234
-0.8051009178161621
-0.8745027184486389
-0.6759332418441772
-0.8584396839141846
-0.8410377502441406
-0.8901684284210205
-0.4080403745174408
-0.6126837730407715
-0.12790466845035553
-0.39682111144065857
-0.42300376296043396
-0.9771436452865601
-0.9597451090812683
-0.9007993936538696
-0.8761069178581238
-0.9860198497772217
-0.8878897428512573
-0.5756365656852722
-0.6115491986274719
-0.6332224607467651
-0.7997375726699829
-0.9338886141777039
-0.9567855000495911
-0.9920030832290649
-0.9952751398086548
-0.8774029016494751
-0.9978460073471069
-0.8889715075492859
-0.42336487770080566
-0.6870503425598145
-0.9103343486785889
-0.9115064740180969
-0.9888415932655334
-0.9435665011405945
-0.981456995010376
-0.7804585695266724
-0.9789135456085205
-0.578928530216217
-0.3791765570640564
-0.993885338306427
-0.8011179566383362
-0.981432318687439
-0.0834982618689537
-0.1991530954837799
-0.9589552879333496
-0.2908957898616791
-0.7524235248565674
-0.34441396594047546
-0.9294319152832031
-0.8275029063224792
-0.16863228380680084
-0.976001501083374
-0.8243091106414795
-0.9858248233795166
-0.9945558309555054
-0.9235026836395264
-0.9903378486633301
-0.9769490361213684
-0.8704314231872559
-0.9931628704071045
-0.9375604391098022
-0.96908038854599
-0.9176925420761108
-0.6434904336929321
-0.9006897211074829
-0.1763090044260025
-0.48799386620521545
-0.9740239381790161
-0.3835256099700928
-0.5986941456794739
-0.5493740439414978
-0.7514689564704895
-0.39928436279296875
-0.8987562656402588
-0.2622373700141907
-0.40163394808769226
-0.8138705492019653
-0.40534406900405884
-0.5969184637069702
-0.9442915916442871
-0.8704671263694763
-0.910658597946167
-0.9685700535774231
-0.895002543926239
-0.9377819895744324
-0.7909218668937683
-0.9030793905258179
-0.9685189723968506
-0.9849180579185486
-0.907524049282074
-0.8948400020599365
-0.9699999690055847
-0.9200672507286072
-0.9923587441444397
-0.9723740816116333
-0.7246522903442383
-0.9885850548744202
-0.9302652478218079
-0.6832802295684814
-0.59535151720047
-0.977181077003479
-0.6992691159248352
-0.7542552351951599
-0.823623538017273
-0.902633011341095
-0.9776812791824341
-0.9688342809677124
-0.9934989213943481
-0.9333716630935669
-0.9791070222854614
-0.9738820195198059
-0.895220935344696
-0.9329100847244263
-0.2539336681365967
-0.9845747947692871
-0.9953129291534424
-0.6730483174324036
-0.3718251585960388
-0.777365505695343
-0.35178935527801514
-0.8550754189491272
-0.7384688258171082
-0.9839165806770325
-0.5007509589195251
-0.709710955619812
-0.32637685537338257
-0.5028929710388184
-0.19141970574855804
-0.01883404701948166
-0.4407092034816742
-0.968360424041748
-0.995254397392273
-0.9063153862953186
-0.989957869052887
-0.9586969614028931
-0.8800151348114014
-0.9819559454917908
-0.3924339711666107
-0.7154349088668823
-0.43358084559440613
-0.7787936329841614
-0.718768835067749
-0.7143367528915405
-0.9939809441566467
-0.8908182382583618
-0.9811745882034302
-0.9022782444953918
-0.44426366686820984
-0.9274634122848511
-0.9928581714630127
-0.8011953830718994
-0.217665433883667
-0.9000036120414734
-0.9978331923484802
-0.5456874966621399
-0.718757688999176
-0.9268563389778137
-0.969254195690155
-0.38843026757240295
-0.5711628198623657
-0.9951601624488831
-0.6664518117904663
-0.4148554801940918
-0.9294871687889099
-0.7414949536323547
-0.988468587398529
-0.9499233961105347
-0.8153132200241089
-0.5226156115531921
-0.6015012264251709
-0.9712943434715271
-0.9936830997467041
-0.6460099220275879
-0.9437153339385986
-0.9698542356491089
-0.993558943271637
-0.8605908155441284
-0.8700891733169556
-0.6434891223907471
-0.7690616846084595
-0.9084082841873169
-0.13339555263519287
-0.6347885131835938
-0.1935853660106659
-0.8063133358955383
-0.9055389761924744
-0.9937345385551453
-0.9844122529029846
-0.24770234525203705
-0.9962936043739319
-0.9963617920875549
-0.9945026636123657
-0.944306492805481
-0.9322304129600525
-0.35671383142471313
-0.9756660461425781
-0.9865787625312805
-0.5101487636566162
-0.9813008308410645
-0.7995265126228333
-0.9788788557052612
-0.6597564220428467
-0.946466863155365
-0.9987473487854004
-0.097795769572258
-0.773952066898346
-0.9119458794593811
-0.9709991216659546
-0.9945710301399231
-0.7778035998344421
-0.6886718273162842
-0.9126448631286621
-0.9857613444328308
-0.7751297950744629
-0.6374114155769348
-0.8672918677330017
-0.9324449896812439
-0.1415465921163559
-0.9856172204017639
-0.06177493557333946
-0.9652949571609497
-0.9849382638931274
-0.6984274983406067
-0.8704208731651306
-0.9774252772331238
-0.9502629637718201
-0.9907044768333435
-0.8488121628761292
-0.9930620789527893
-0.9769286513328552
-0.7792925834655762
-0.9552797675132751
-0.8780129551887512
-0.17134343087673187
-0.8237776160240173
-0.8879749774932861
-0.5545316338539124
-0.3226093351840973
-0.983348548412323
-0.7610772848129272
-0.9877600073814392
-0.47008877992630005
-0.038930945098400116
-0.9071829319000244
-0.8126147389411926
-0.9378371238708496
-0.7408339381217957
-0.9917650818824768
-0.9477308988571167
-0.6915204524993896
-0.944311797618866
-0.2840723693370819
-0.9437576532363892
-0.9933319687843323
-0.9980512857437134
-0.9233438968658447
-0.9065396189689636
-0.703339159488678
-0.6864615082740784
-0.7468976974487305
-0.830577552318573
-0.586570143699646
-0.7821825742721558
-0.9886689782142639
-0.9500982165336609
-0.9884734749794006
-0.9991798996925354
-0.9695277214050293
-0.2789892852306366
-0.42123234272003174
-0.5409737825393677
-0.31641045212745667
-0.8730352520942688
-0.7404869198799133
-0.5275396704673767
-0.2199602574110031
-0.9968012571334839
-0.12141406536102295
-0.8975350856781006
-0.7151159048080444
-0.7203854322433472
-0.9693845510482788
-0.9174957871437073
-0.7436609864234924
-0.8534017205238342
-0.6490814685821533
-0.9309316873550415
-0.8330312371253967
-0.9629991054534912
-0.9953285455703735
-0.9196813106536865
-0.9943537712097168
-0.9823394417762756
-0.9863746166229248
-0.9919174313545227
-0.8343775272369385
-0.9875999689102173
-0.6104445457458496
-0.9908034801483154
-0.8563345670700073
-0.4524628818035126
-0.9643478989601135
-0.8659730553627014
-0.9616392254829407
-0.8784289956092834
-0.9974549412727356
-0.7913752198219299
-0.059877123683691025
-0.9891219735145569
-0.9893103837966919
-0.7971550226211548
-0.6801818609237671
-0.5849204063415527
-0.875710129737854
-0.9543130397796631
-0.8975546956062317
-0.5422765016555786
-0.9894564747810364
-0.9726384878158569
-0.7472930550575256
-0.8887081742286682
-0.4974324703216553
-0.832014262676239
-0.7150354981422424
-0.9232780337333679
-0.6003872156143188
-0.9878679513931274
-0.8696486353874207
-0.8277651071548462
-0.9555399417877197
-0.9292863011360168
-0.777508556842804
-0.5189157724380493
-0.8829805254936218
-0.3348507583141327
-0.986561119556427
-0.97967529296875
-0.9046936631202698
-0.7425144910812378
-0.9922106266021729
-0.936958909034729
-0.9332703351974487
-0.9928382039070129
-0.9792308211326599
-0.815664529800415
-0.43333688378334045
-0.9945853352546692
-0.6753988862037659
-0.6534088253974915
-0.7544924020767212
-0.8078094124794006
-0.753861665725708
-0.8996323943138123
-0.9483159184455872
-0.6399003267288208
-0.8799576163291931
-0.8072803020477295
-0.8461840152740479
-0.9212342500686646
-0.9640088081359863
-0.8102739453315735
-0.9929525256156921
-0.31663674116134644
-0.6527175307273865
-0.9856787323951721
-0.4842398762702942
-0.8788371682167053
-0.9006216526031494
-0.4459139108657837
-0.931021511554718
-0.9692230224609375
-0.9339495897293091
-0.0036543423775583506
-0.9102169871330261
-0.9973268508911133
-0.8493123650550842
-0.8842113614082336
-0.972504198551178
-0.07684260606765747
-0.9336519837379456
-0.4473291039466858
-0.9673696756362915
-0.77900630235672
-0.8832381963729858
-0.6756349802017212
-0.9853162169456482
-0.9641081690788269
-0.6941788792610168
-0.7376279830932617
-0.9499642252922058
-0.4832985997200012
-0.26184597611427307
-0.910643458366394
-0.9839226603507996
-0.8832985758781433
-0.9457133412361145
-0.997372031211853
-0.9974465370178223
-0.6641760468482971
-0.9348190426826477
-0.5470246076583862
-0.9130824208259583
-0.9494495391845703
-0.6086754202842712
-0.9963710308074951
-0.9803503751754761
-0.8400508761405945
-0.6387627124786377
-0.8790029287338257
-0.9843509197235107
-0.8981284499168396
-0.7081398963928223
-0.7919937968254089
-0.9394702911376953
-0.9297827482223511
-0.9933677315711975
-0.8711023926734924
-0.9528902173042297
-0.1542695015668869
-0.24367941915988922
-0.8193625807762146
-0.9184839725494385
-0.5941177606582642
-0.938502848148346
-0.9997275471687317
-0.9776597619056702
-0.9646940231323242
-0.6279189586639404
-0.9948471784591675
-0.875897228717804
-0.9365664124488831
-0.8297675251960754
-0.200193390250206
-0.9958470463752747
-0.987092137336731
-0.990010678768158
-0.9918825030326843
-0.9423111081123352
-0.9852736592292786
-0.9830814003944397
-0.9669559597969055
-0.9566940069198608
-0.8934755921363831
-0.6696223616600037
-0.9852955341339111
-0.7574336528778076
-0.9831033945083618
-0.5868751406669617
-0.5654106140136719
-0.9498331546783447
-0.9803596138954163
-0.8827991485595703
-0.9663372039794922
-0.7805450558662415
-0.9113394618034363
-0.9084689617156982
-0.34061193466186523
-0.9646698832511902
-0.9723821878433228
-0.9286476373672485
-0.8792553544044495
-0.9355830550193787
-0.7613462805747986
-0.2610349953174591
-0.8126930594444275
-0.22218261659145355
-0.8609521389007568
-0.9666116833686829
-0.7625893354415894
-0.9680163264274597
-0.9715030193328857
-0.6936399340629578
-0.9570872783660889
-0.8006850481033325
-0.9443462491035461
-0.9648333191871643
-0.29737067222595215
-0.8101750016212463
-0.8883371949195862
-0.9969398975372314
-0.8504088521003723
-0.9598028659820557
-0.08414353430271149
-0.8937854170799255
-0.9235724210739136
-0.9830318689346313
-0.9154981374740601
-0.6198256611824036
-0.9423844814300537
-0.996884286403656
-0.9939874410629272
-0.9265541434288025
-0.9506181478500366
-0.8975241184234619
-0.7908141016960144
-0.9928345680236816
-0.991764485836029
-0.9575199484825134
-0.9527584910392761
-0.9209020137786865
-0.9559693336486816
-0.7511265277862549
-0.9243441224098206
-0.9798932075500488
-0.9569606781005859
-0.3905593156814575
-0.9453672170639038
-0.8353293538093567
-0.9694315791130066
-0.9783318042755127
-0.9928444027900696
-0.8416392803192139
-0.9697586297988892
-0.935076117515564
-0.9139813780784607
-0.6316158771514893
-0.7352525591850281
-0.8294432163238525
-0.9933515191078186
-0.4979325532913208
-0.9384450316429138
-0.9695706367492676
-0.7854503393173218
-0.9954196214675903
-0.15281766653060913
-0.9116597771644592
-0.956642210483551
-0.35258692502975464
-0.4162096083164215
-0.8010626435279846
-0.8944916725158691
-0.6071984767913818
-0.9826868176460266
-0.5321687459945679
-0.9160628914833069
-0.9418839812278748
-0.8432295918464661
-0.7294606566429138
-0.8191603422164917
-0.9802252650260925
-0.96089768409729
-0.999377965927124
-0.5570477843284607
-0.8241623044013977
-0.8677865266799927
-0.9569702744483948
-0.6712791919708252
-0.9285654425621033
-0.965989887714386
-0.9737093448638916
-0.9467535018920898
-0.4341299533843994
-0.2868169844150543
-0.6943532228469849
-0.9931790828704834
-0.9816747307777405
-0.45333534479141235
-0.966319739818573
-0.9181618094444275
-0.6776673793792725
-0.7662671804428101
-0.9868116974830627
-0.9134118556976318
-0.6013613939285278
-0.5491888523101807
-0.8583512306213379
-0.46976256370544434
-0.9294369220733643
-0.8916662335395813
-0.8216960430145264
-0.9474558234214783
-0.7458301186561584
-0.9654178023338318
-0.9985069632530212
-0.5659204125404358
-0.9077728390693665
-0.8492031693458557
-0.9658474326133728
-0.7281534075737
-0.710942268371582
-0.8987085819244385
-0.4030347764492035
-0.9920811653137207
-0.9252161979675293
-0.2262669950723648
-0.9257804751396179
-0.8228038549423218
-0.8841840624809265
-0.9925998449325562
-0.9597722291946411
-0.9491932392120361
-0.9906829595565796
-0.9707903265953064
-0.9921796321868896
-0.9869945645332336
-0.9792228937149048
-0.7238351106643677
-0.8509889245033264
-0.9491537809371948
-0.5808929800987244
-0.6441677212715149
-0.9357680082321167
-0.9675040245056152
-0.9169595241546631
-0.9080926775932312
-0.9662549495697021
-0.7622901201248169
-0.9797648787498474
-0.7423413991928101
-0.9653340578079224
-0.9877212643623352
-0.9676417112350464
-0.9981889128684998
-0.4621221721172333
-0.9744833707809448
-0.48346567153930664
-0.8580693602561951
-0.5492477416992188
-0.8052978515625
-0.9647642970085144
-0.433490514755249
-0.9329270124435425
-0.8088614344596863
-0.9532535076141357
-0.819300651550293
-0.8802071213722229
-0.7913613319396973
-0.961759626865387
-0.9462974667549133
-0.9939046502113342
-0.9417199492454529
-0.8948891758918762
-0.9653251767158508
-0.9920762777328491
-0.0032438149210065603
-0.9927202463150024
-0.8516948819160461
-0.946742057800293
-0.9122444987297058
-0.9848008155822754
-0.9438802003860474
-0.9219560623168945
-0.890544056892395
-0.9074360132217407
-0.9946356415748596
-0.9184609651565552
-0.9096872210502625
-0.9782152771949768
-0.8836367726325989
-0.35210949182510376
-0.682192862033844
-0.9828977584838867
-0.12404303252696991
-0.6973070502281189
-0.5709377527236938
-0.9670022130012512
-0.9541547298431396
-0.17274560034275055
-0.982981264591217
-0.990111768245697
-0.6869809627532959
-0.651645302772522
-0.917332649230957
-0.9726626873016357
-0.9760451316833496
-0.9976068735122681
-0.9934536218643188
-0.4207870066165924
-0.9935486912727356
-0.9298816323280334
-0.9814043045043945
-0.9841264486312866
-0.7686991691589355
-0.5047363042831421
-0.6396217346191406
-0.9966239929199219
-0.9944422841072083
-0.43845632672309875
-0.9717731475830078
-0.864750325679779
-0.8129006028175354
-0.8846644759178162
-0.9918873906135559
-0.9842116236686707
-0.2797863781452179
-0.8562924265861511
-0.9918482303619385
-0.730781614780426
-0.984062671661377
-0.9388960599899292
-0.373271107673645
-0.44310635328292847
-0.9361169934272766
-0.9537419676780701
-0.8501933813095093
-0.8569703698158264
-0.9914603233337402
-0.9441739916801453
-0.5562156438827515
-0.9920240640640259
-0.21812774240970612
-0.9909602403640747
-0.5008246898651123
-0.9636011719703674
-0.7719314694404602
-0.9793077111244202
-0.9565812349319458
-0.9623464941978455
-0.43802744150161743
-0.3640700876712799
-0.9699952602386475
-0.9824231863021851
-0.5689536929130554
-0.5504105091094971
-0.9826076626777649
-0.9193861484527588
-0.7794344425201416
-0.9318428039550781
-0.9589710831642151
-0.9979840517044067
-0.3181513845920563
-0.9784333109855652
-0.987400472164154
-0.9279115200042725
-0.9101908206939697
-0.951850950717926
-0.9674736261367798
-0.9700542092323303
-0.9856729507446289
-0.9935535192489624
-0.9951568245887756
-0.9721817374229431
-0.9913657903671265
-0.7532685399055481
-0.8692047595977783
-0.8391309976577759
-0.9851524829864502
-0.84726482629776
-0.3561101257801056
-0.9889772534370422
-0.9591028690338135
-0.5619019269943237
-0.986393392086029
-0.21829156577587128
-0.2983085513114929
-0.8252639770507812
-0.9991254210472107
-0.964057207107544
-0.6596507430076599
-0.6071339845657349
-0.952283501625061
-0.9696566462516785
-0.9640563130378723
-0.6280419230461121
-0.35279199481010437
-0.9910624027252197
-0.9467746615409851
-0.92618328332901
-0.7061740159988403
-0.9840750694274902
-0.8041704893112183
-0.4899595081806183
-0.9558194279670715
-0.9434390068054199
-0.17295989394187927
-0.9381154775619507
-0.4932800829410553
-0.9272871613502502
-0.9351431131362915
-0.9527340531349182
-0.9754565954208374
-0.9938925504684448
-0.99815434217453
-0.9874513745307922
-0.8893112540245056
-0.4282030761241913
-0.6861772537231445
-0.9895235896110535
-0.9687474370002747
-0.35596394538879395
-0.5041146874427795
-0.9309549331665039
-0.9472772479057312
-0.10778778046369553
-0.5362546443939209
-0.8907676935195923
-0.9686023592948914
-0.7833653092384338
-0.810785174369812
-0.9840086698532104
-0.474895715713501
-0.9970165491104126
-0.9958763122558594
-0.9707728028297424
-0.9782102704048157
-0.9825963973999023
-0.9455267190933228
-0.39132004976272583
-0.9871728420257568
-0.992935836315155
-0.9806757569313049
-0.9705052971839905
-0.4293629825115204
-0.9954679012298584
-0.9934902191162109
-0.8420609831809998
-0.5372830629348755
-0.9597725868225098
-0.06267300248146057
-0.6038900017738342
-0.7210460901260376
-0.869134783744812
-0.5952790379524231
-0.8057992458343506
-0.8483498692512512
-0.9915136694908142
-0.8770625591278076
-0.9470414519309998
-0.9985846281051636
-0.8505250811576843
-0.9338465332984924
-0.9349972009658813
-0.24283990263938904
-0.3293232321739197
-0.9828543663024902
-0.9850462079048157
-0.7510969042778015
-0.977067232131958
-0.8434612154960632
-0.7158194184303284
-0.7346000075340271
-0.845011830329895
-0.929389238357544
-0.9588821530342102
-0.04941626638174057
-0.9123674035072327
-0.8909387588500977
-0.4721314609050751
-0.18747328221797943
-0.9377591013908386
-0.909698486328125
-0.6702439188957214
-0.9191350936889648
-0.1539643555879593
-0.916973888874054
-0.7377818822860718
-0.2267151027917862
-0.8221219182014465
-0.8602952361106873
-0.861016035079956
-0.7788743376731873
-0.9775887727737427
-0.9211174249649048
-0.687746524810791
-0.9588024020195007
-0.7710290551185608
-0.9737713932991028
-0.8202288746833801
-0.746647834777832
-0.9871981739997864
-0.7556759715080261
-0.3754481375217438
-0.24057525396347046
-0.9858759045600891
-0.9888619780540466
-0.7478225231170654
-0.9826714396476746
-0.9913182258605957
-0.9021522998809814
-0.08438551425933838
-0.799774169921875
-0.9785603880882263
-0.25987422466278076
-0.9102192521095276
-0.9188970923423767
-0.9111086130142212
-0.979115903377533
-0.955581545829773
-0.8598266243934631
-0.7887415289878845
-0.9361737966537476
-0.8801367282867432
-0.9956498742103577
-0.9839353561401367
-0.7189012169837952
-0.8474734425544739
-0.5290873646736145
-0.8209337592124939
-0.984417200088501
-0.21492759883403778
-0.9455605149269104
-0.9236114025115967
-0.9356690645217896
-0.841962993144989
-0.8881862163543701
-0.8417338728904724
-0.9720534086227417
-0.9709476232528687
-0.9946308135986328
-0.8558027744293213
-0.20586268603801727
-0.8913068175315857
-0.9758546948432922
-0.7134093046188354
-0.6424904465675354
-0.515128493309021
-0.9986059069633484
-0.8614644408226013
-0.2764322757720947
-0.8486636877059937
-0.9978761672973633
-0.9847278594970703
-0.8486583828926086
-0.9754757881164551
-0.9676679372787476
-0.9979584217071533
-0.19699810445308685
-0.6146449446678162
-0.5544893145561218
-0.7529336214065552
-0.5965089797973633
-0.7197589874267578
-0.9306896924972534
-0.4642978310585022
-0.8179238438606262
-0.619134247303009
-0.9875870943069458
-0.990467369556427
-0.9750169515609741
-0.14730392396450043
-0.855841875076294
-0.9747741222381592
-0.31380242109298706
-0.9212658405303955
-0.9803546071052551
-0.9439411759376526
-0.9942703247070312
-0.9136345982551575
-0.4094722270965576
-0.9869949221611023
-0.9987737536430359
-0.9715415239334106
-0.9884273409843445
-0.48546114563941956
-0.7465921640396118
-0.8298725485801697
-0.9860807657241821
-0.9854242205619812
-0.08050903677940369
-0.9211828708648682
-0.5813522934913635
-0.9758617281913757
-0.9849525094032288
-0.8436190485954285
-0.9859117269515991
-0.9822220206260681
-0.9797695875167847
-0.9919719696044922
-0.9776864051818848
-0.593329668045044
-0.9874130487442017
-0.10598918795585632
-0.9550007581710815
-0.08872763812541962
-0.7338472604751587
-0.9354115724563599
-0.785913348197937
-0.893638014793396
-0.9584024548530579
-0.3842681646347046
-0.8860564827919006
-0.9669222831726074
-0.9912109375
-0.6846474409103394
-0.8610302805900574
-0.9860184192657471
-0.5248856544494629
-0.9913151860237122
-0.7815564274787903
-0.6310251951217651
-0.912016749382019
-0.9293522834777832
-0.9287068843841553
-0.9455628395080566
-0.5735942125320435
-0.9983015060424805
-0.4338015913963318
-0.9526085257530212
-0.8733128309249878
-0.7217207551002502
-0.9079122543334961
-0.9294520020484924
-0.8776809573173523
-0.8178384304046631
-0.9989845156669617
-0.8926265239715576
-0.8886124491691589
-0.9686994552612305
-0.9770891070365906
-0.8628140091896057
-0.8896076679229736
-0.9772103428840637
-0.9893436431884766
-0.987184464931488
-0.8898717164993286
-0.9758388996124268
-0.9029534459114075
-0.49332597851753235
-0.8830777406692505
-0.9808095097541809
-0.9968830347061157
-0.42335250973701477
-0.9261120557785034
-0.9052374958992004
-0.9589102268218994
-0.8913043737411499
-0.910110354423523
-0.8083665370941162
-0.988907516002655
-0.6218871474266052
-0.9544828534126282
-0.9486660361289978
-0.7795078158378601
-0.5303726196289062
-0.9876463413238525
-0.575620174407959
-0.9798199534416199
-0.3708081543445587
-0.5619792938232422
-0.9717202186584473
-0.9510309100151062
-0.8816035985946655
-0.898611843585968
-0.7263050079345703
-0.9787311553955078
-0.7059606313705444
-0.9847853183746338
-0.973239004611969
-0.8809112906455994
-0.6658973693847656
-0.9892783761024475
-0.9896542429924011
-0.5600185990333557
-0.6665629148483276
-0.4711851179599762
-0.12026149779558182
-0.9911851286888123
-0.9888255000114441
-0.9894905686378479
-0.9060951471328735
-0.7835848927497864
-0.9733859300613403
-0.8989217877388
-0.8559807538986206
-0.8322774171829224
-0.8304592967033386
-0.8640760779380798
-0.9750815629959106
-0.44574522972106934
-0.7651042342185974
-0.9834574460983276
-0.5670299530029297
-0.49864527583122253
-0.9346247911453247
-0.9275161027908325
-0.6820970773696899
-0.993243396282196
-0.9585285782814026
-0.9915227890014648
-0.9722518920898438
-0.7531061768531799
-0.6511186957359314
-0.3569512665271759
-0.7551078796386719
-0.7041485905647278
-0.2819872200489044
-0.9890527129173279
-0.996557891368866
-0.9315929412841797
-0.9100888967514038
-0.9983648657798767
-0.9734232425689697
-0.4503950774669647
-0.9828096628189087
-0.4816263020038605
-0.9873014688491821
-0.6776187419891357
-0.6597075462341309
-0.8843911290168762
-0.8993203043937683
-0.9086021184921265
-0.9967641830444336
-0.9969066977500916
-0.8070628643035889
-0.8021683096885681
-0.899870753288269
-0.9766170382499695
-0.9126651883125305
-0.9956557750701904
-0.9855667352676392
-0.5894632339477539
-0.8995506763458252
-0.9860244393348694
-0.8752931952476501
-0.9498620629310608
-0.43065157532691956
-0.9612085223197937
-0.7807781100273132
-0.9087409973144531
-0.9963724613189697
-0.9947153925895691
-0.8864339590072632
-0.9099346995353699
-0.9986444115638733
-0.8355109691619873
-0.9733818769454956
-0.9368669986724854
-0.7036030888557434
-0.8475760817527771
-0.5154364705085754
-0.9873824715614319
-0.8522023558616638
-0.9622805714607239
-0.8329967260360718
-0.9923864603042603
-0.2700580656528473
-0.12818704545497894
-0.9451568126678467
-0.8826237320899963
-0.969507098197937
-0.9957337975502014
-0.8776586651802063
-0.7643604278564453
-0.9957209229469299
-0.9394766092300415
-0.9829777479171753
-0.6947456002235413
-0.9171462059020996
-0.9359047412872314
-0.9415121674537659
-0.9595364332199097
-0.9879924058914185
-0.7229801416397095
-0.9826682209968567
-0.7167580127716064
-0.9125637412071228
-0.9949723482131958
-0.6521074175834656
-0.6707281470298767
-0.9654114842414856
-0.848257303237915
-0.8799158930778503
-0.2355125993490219
-0.978390097618103
-0.2916092574596405
-0.643849790096283
-0.8131035566329956
-0.8594581484794617
-0.6328122019767761
-0.9827280640602112
-0.9875427484512329
-0.9953933954238892
-0.9881701469421387
-0.8946974277496338
-0.9665537476539612
-0.8161441683769226
-0.9888049364089966
-0.9628860950469971
-0.08096016198396683
-0.9705472588539124
-0.7952726483345032
-0.888018012046814
-0.5684017539024353
-0.8583666086196899
-0.541664183139801
-0.9420124888420105
-0.9950108528137207
-0.7381211519241333
-0.9563472867012024
-0.957524299621582
-0.9577739834785461
-0.369138240814209
-0.9410687685012817
