-0.944053053855896
-0.9323737025260925
-0.9929841756820679
-0.9933426976203918
-0.9817969799041748
-0.5060968995094299
-0.9852743148803711
-0.9986017346382141
-0.8049532771110535
-0.9898779392242432
-0.9531036019325256
-0.9341132640838623
-0.9915114045143127
-0.9927012920379639
-0.997929573059082
-0.860273540019989
-0.9703556299209595
-0.9999065399169922
-0.9756178259849548
-0.9620751142501831
-0.9591200947761536
-0.9879212379455566
-0.9362371563911438
-0.7786527872085571
-0.7791962027549744
-0.9453055262565613
-0.8471161723136902
-0.8480610847473145
-0.9535342454910278
-0.4333350658416748
-0.9778541922569275
-0.9992607235908508
-0.8953049182891846
-0.9939832091331482
-0.9640554785728455
-0.921909749507904
-0.8980017304420471
-0.9935795068740845
-0.9927123785018921
-0.9966380596160889
-0.9926766157150269
-0.9861896634101868
-0.9896496534347534
-0.9970657229423523
-0.9945268034934998
-0.9614625573158264
-0.9792901277542114
-0.9894234538078308
-0.3080821931362152
-0.9767836332321167
-0.9879602193832397
-0.985724151134491
-0.9693272113800049
-0.7072228789329529
-0.9984020590782166
-0.9916879534721375
-0.8945203423500061
-0.9733266830444336
-0.6284967660903931
-0.9768928289413452
-0.9861477017402649
-0.7997307777404785
-0.9935099482536316
-0.4459500312805176
-0.9920565485954285
-0.9991459846496582
-0.921704113483429
-0.9464317560195923
-0.5282489657402039
-0.5660386085510254
-0.9746754765510559
-0.47018179297447205
-0.795715868473053
-0.9949826002120972
-0.9827046990394592
-0.9945545196533203
-0.8091440200805664
-0.9732921123504639
-0.9693905115127563
-0.9984918832778931
-0.994870662689209
-0.9642056226730347
-0.9557339549064636
-0.9987046718597412
-0.9881964325904846
-0.9914044141769409
-0.9794736504554749
-0.978777289390564
-0.9386287927627563
-0.9573480486869812
-0.9682552218437195
-0.9765887260437012
-0.8637027144432068
-0.6212777495384216
-0.9576646685600281
-0.7089285254478455
-0.8344462513923645
-0.8424537181854248
-0.8577747344970703
-0.31781506538391113
-0.5288223624229431
-0.7621495127677917
-0.8943908214569092
-0.9836095571517944
-0.9847965240478516
-0.7790820598602295
-0.9954534769058228
-0.7900643944740295
-0.8725534677505493
-0.9764223098754883
-0.9788795113563538
-0.9405205249786377
-0.991256594657898
-0.98914635181427
-0.9871720671653748
-0.9769307374954224
-0.9880192875862122
-0.9784024953842163
-0.7681700587272644
-0.9647577404975891
-0.9979186654090881
-0.9014113545417786
-0.9405103921890259
-0.9927482008934021
-0.9704777598381042
-0.9606435894966125
-0.931148111820221
-0.9953415393829346
-0.9540525078773499
-0.9589169025421143
-0.6440900564193726
-0.9945406317710876
-0.9800325036048889
-0.9849497079849243
-0.9978854060173035
-0.11505690217018127
-0.9833322763442993
-0.9976859092712402
-0.7962336540222168
-0.9858787655830383
-0.9719823598861694
-0.944337785243988
-0.9989078044891357
-0.9325401186943054
-0.9783095121383667
-0.9547064304351807
-0.9622707962989807
-0.695702850818634
-0.9761389493942261
-0.9857887625694275
-0.9983372688293457
-0.9960493445396423
-0.13244770467281342
-0.9951916933059692
-0.9643255472183228
-0.9914133548736572
-0.8255075812339783
-0.995125949382782
-0.9916610717773438
-0.9978421926498413
-0.9995488524436951
-0.9415302276611328
-0.9422640204429626
-0.9979457259178162
-0.990535318851471
-0.9901931881904602
-0.9908230304718018
-0.988535463809967
-0.08815436065196991
-0.7359575629234314
-0.5608813166618347
-0.9987674951553345
-0.9886287450790405
-0.988365650177002
-0.9387551546096802
-0.9977471232414246
-0.7839198708534241
-0.955898106098175
-0.985430121421814
-0.9889944195747375
-0.7593382000923157
-0.9643096923828125
-0.9852234125137329
-0.8060235381126404
-0.9656895399093628
-0.9957154393196106
-0.9985085129737854
-0.9978522062301636
-0.6208153963088989
-0.9976062774658203
-0.6010016202926636
-0.9917346239089966
-0.9906544089317322
-0.9331361055374146
-0.9922987818717957
-0.9668143391609192
-0.9160315990447998
-0.8873981237411499
-0.9913823008537292
-0.998330295085907
-0.9971666932106018
-0.9335581660270691
-0.9770511984825134
-0.7277183532714844
-0.9902698993682861
-0.9877666234970093
-0.9964419007301331
-0.9951560497283936
-0.9062440395355225
-0.9932318925857544
-0.9888070821762085
-0.9769535660743713
-0.9746429920196533
-0.9774007201194763
-0.9713375568389893
-0.9992884397506714
-0.9068832993507385
-0.9641801118850708
-0.5589385032653809
-0.9950613379478455
-0.9549703001976013
-0.9000401496887207
-0.9892639517784119
-0.9888651371002197
-0.8885605931282043
-0.9928621649742126
-0.9529001712799072
-0.7490192651748657
-0.006185733713209629
-0.9821779727935791
-0.9933426976203918
-0.9189163446426392
-0.9065254926681519
-0.9723351001739502
-0.9320676326751709
-0.8542840480804443
-0.9524173140525818
-0.9760620594024658
-0.818337082862854
-0.98332279920578
-0.9822153449058533
-0.99727863073349
-0.5507258176803589
-0.9945001602172852
-0.991142988204956
-0.9968562126159668
-0.9991006851196289
-0.9903818964958191
-0.994519054889679
-0.9811572432518005
-0.990064799785614
-0.9331099390983582
-0.8273085951805115
-0.7681785225868225
-0.780444860458374
-0.9930151700973511
-0.9976717829704285
-0.996051013469696
-0.9404386878013611
-0.8589250445365906
-0.9902756214141846
-0.4022942781448364
-0.9930938482284546
-0.9846996665000916
-0.9761848449707031
-0.8704562783241272
-0.9786306023597717
-0.965840220451355
-0.7093358635902405
-0.9807707667350769
-0.2646448314189911
-0.9895110726356506
-0.044472068548202515
-0.9985995888710022
-0.9683794379234314
-0.9397857785224915
-0.967246949672699
-0.9741393327713013
-0.9953668117523193
-0.90020352602005
-0.99284428358078
-0.9722265601158142
-0.6697497963905334
-0.9388083815574646
-0.9964911341667175
-0.14511354267597198
-0.9842650890350342
-0.5551645755767822
-0.9835795760154724
-0.6954865455627441
-0.8166150450706482
-0.7018354535102844
-0.8200987577438354
-0.9956868290901184
-0.9978539347648621
-0.9933316111564636
-0.965373694896698
-0.5867049098014832
-0.028111906722187996
-0.8089277744293213
-0.9902929067611694
-0.9766506552696228
-0.997512936592102
-0.8036629557609558
-0.9937254786491394
-0.9697433710098267
-0.9834414720535278
-0.9995028972625732
-0.9892978668212891
-0.9120545387268066
-0.9807029962539673
-0.9969953298568726
-0.6115697622299194
-0.01651602052152157
-0.9970947504043579
-0.9310195446014404
-0.9974772334098816
-0.9266262054443359
-0.8299040794372559
-0.9952265024185181
-0.983625590801239
-0.9056203365325928
-0.9871183633804321
-0.9535683989524841
-0.964629054069519
-0.3256652057170868
-0.9629555344581604
-0.9943892359733582
-0.7668555378913879
-0.7774114012718201
-0.9725808501243591
-0.9028921127319336
-0.9892387390136719
-0.9772624969482422
-0.25190678238868713
-0.9932838678359985
-0.9444307684898376
-0.9699488878250122
-0.9980807304382324
-0.12201453000307083
-0.8997528553009033
-0.9574195146560669
-0.9539424180984497
-0.006648965645581484
-0.9209018349647522
-0.995027482509613
-0.9620469808578491
-0.9955240488052368
-0.9971098303794861
-0.5290822386741638
-0.9921995997428894
-0.28485092520713806
-0.9990610480308533
-0.1693352311849594
-0.8399890661239624
-0.9872496724128723
-0.9257051944732666
-0.8236854076385498
-0.9884082674980164
-0.9961951971054077
-0.8591773509979248
-0.8902666568756104
-0.9785171151161194
-0.9918896555900574
-0.9894068837165833
-0.9659780859947205
-0.9957399368286133
-0.7621752023696899
-0.9897968173027039
-0.9977255463600159
-0.8814876079559326
-0.5661023259162903
-0.907821536064148
-0.7900871634483337
-0.9860684871673584
-0.7043200135231018
-0.6086446046829224
-0.9945899248123169
-0.9971074461936951
-0.9645007252693176
-0.9976863861083984
-0.9501186609268188
-0.989520788192749
-0.9673877358436584
-0.9689809679985046
-0.978409469127655
-0.978914737701416
-0.9795137643814087
-0.9956932663917542
-0.9983649849891663
-0.9456274509429932
-0.24415060877799988
-0.997417688369751
-0.9097915887832642
-0.8286117315292358
-0.9019847512245178
-0.9712370038032532
-0.9940272569656372
-0.98833829164505
-0.9791795611381531
-0.995205283164978
-0.997032642364502
-0.9112908244132996
-0.9968137145042419
-0.9138885140419006
-0.9926813244819641
-0.9589954018592834
-0.9432645440101624
-0.7009942531585693
-0.01973622292280197
-0.9877315163612366
-0.42362913489341736
-0.9973955154418945
-0.9521045088768005
-0.879641592502594
-0.7272154688835144
-0.8719303011894226
-0.2276041954755783
-0.9984323382377625
-0.892535388469696
-0.982746958732605
-0.9936484694480896
-0.9780669212341309
-0.914337158203125
-0.5980427265167236
-0.7050235271453857
-0.810509979724884
-0.9839224815368652
-0.9885021448135376
-0.8689126372337341
-0.9976394176483154
-0.4494628310203552
-0.9969120025634766
-0.9707018136978149
-0.7123940587043762
-0.9976166486740112
-0.998638927936554
-0.775964617729187
-0.9465240240097046
-0.9720005989074707
-0.9930700659751892
-0.9057449698448181
-0.9916001558303833
-0.9871008396148682
-0.9986109733581543
-0.9434571862220764
-0.9755995869636536
-0.9827218651771545
-0.8137707114219666
-0.9129052758216858
-0.9189723134040833
-0.5604535937309265
-0.886385440826416
-0.9620524644851685
-0.8995353579521179
-0.9434379935264587
-0.9989256262779236
-0.9784573912620544
-0.9318682551383972
-0.9978734254837036
-0.7800211310386658
-0.9258130788803101
-0.9787561893463135
-0.9991806149482727
-0.8961832523345947
-0.9259505271911621
-0.8986960649490356
-0.9938805103302002
-0.9496487975120544
-0.872725248336792
-0.9938860535621643
-0.514094352722168
-0.7682445049285889
-0.9498276710510254
-0.9671752452850342
-0.9928820133209229
-0.9985080361366272
-0.8530539274215698
-0.852238655090332
-0.9619461297988892
-0.9441087245941162
-0.982193112373352
-0.9942604303359985
-0.9736468195915222
-0.8881917595863342
-0.9678221344947815
-0.9910610318183899
-0.9889889359474182
-0.9803066849708557
-0.9835157990455627
-0.983539342880249
-0.9983469247817993
-0.9414376020431519
-0.964149534702301
-0.9961128234863281
-0.9073302745819092
-0.9880627393722534
-0.9952247142791748
-0.9931793212890625
-0.8979072570800781
-0.6627474427223206
-0.9341597557067871
-0.9226342439651489
-0.983180820941925
-0.5864526629447937
-0.7312820553779602
-0.1544927954673767
-0.9966141581535339
-0.9131084680557251
-0.31561851501464844
-0.8434910774230957
-0.7466444373130798
-0.8945670127868652
-0.9673148989677429
-0.8959919214248657
-0.9708977341651917
-0.9959122538566589
-0.9986207485198975
-0.996322512626648
-0.9821830987930298
-0.9473342895507812
-0.9303464889526367
-0.9794501066207886
-0.8471246957778931
-0.984386146068573
-0.9940840601921082
-0.8821551203727722
-0.9048289060592651
-0.9872891902923584
-0.04734821990132332
-0.9536916613578796
-0.9942008852958679
-0.966699481010437
-0.9941693544387817
-0.9289063811302185
-0.9307236671447754
-0.9213133454322815
-0.9756044745445251
-0.8434767127037048
-0.981713593006134
-0.9908089637756348
-0.9970250725746155
-0.9378256797790527
-0.6651355028152466
-0.8081554770469666
-0.9881482720375061
-0.9962922930717468
-0.9763365983963013
-0.916799783706665
-0.9481600522994995
-0.9977471232414246
-0.9066697359085083
-0.6451149582862854
-0.9670005440711975
-0.850685179233551
-0.9371474981307983
-0.33533546328544617
-0.9816389083862305
-0.993335485458374
-0.9958303570747375
-0.7878209352493286
-0.9848960638046265
-0.9851487874984741
-0.9913963675498962
-0.9886082410812378
-0.9782800078392029
-0.9887211918830872
-0.9828658699989319
-0.9978117346763611
-0.988802969455719
-0.8745879530906677
-0.9393754601478577
-0.6169406771659851
-0.9863030314445496
-0.9976584911346436
-0.8244408369064331
-0.9889475107192993
-0.997495710849762
-0.8807588219642639
-0.9571254253387451
-0.9227422475814819
-0.9662354588508606
-0.9966663718223572
-0.9575463533401489
-0.8756008148193359
-0.9445473551750183
-0.9377527236938477
-0.9863341450691223
-0.8647890686988831
-0.7958056330680847
-0.9898310303688049
-0.9982471466064453
-0.9873203039169312
-0.1705635040998459
-0.9583252668380737
-0.9820976853370667
-0.9989880919456482
-0.9253013134002686
-0.9939329028129578
-0.9477209448814392
-0.9742873311042786
-0.9966272115707397
-0.9374731183052063
-0.9728965759277344
-0.9224287867546082
-0.9962833523750305
-0.9560621380805969
-0.07990019768476486
-0.9832473397254944
-0.9809019565582275
-0.9985228180885315
-0.9928728342056274
-0.9908900856971741
-0.9920349717140198
-0.9676042199134827
-0.9977723956108093
-0.6752346158027649
-0.9937447905540466
-0.9923674464225769
-0.9735861420631409
-0.6416162848472595
-0.9386441111564636
-0.9885595440864563
-0.9047902226448059
-0.9920474290847778
-0.9123960137367249
-0.9859504103660583
-0.8128189444541931
-0.8480055928230286
-0.9767208695411682
-0.9937161803245544
-0.2960849404335022
-0.9689948558807373
-0.9968441724777222
-0.9800515174865723
-0.9944372177124023
-0.3032959997653961
-0.10421840101480484
-0.9889280796051025
-0.9974275231361389
-0.966265082359314
-0.9840824604034424
-0.9850030541419983
-0.9910678267478943
-0.9358206987380981
-0.9947543144226074
-0.9965211153030396
-0.9986171722412109
-0.012175078503787518
-0.9979521632194519
-0.9749066829681396
-0.9925098419189453
-0.6134775876998901
-0.9978475570678711
-0.6893718838691711
-0.4892202615737915
-0.8093196749687195
-0.8019665479660034
-0.9423072934150696
-0.5906195044517517
-0.8075896501541138
-0.9799110889434814
-0.7980592250823975
-0.8961197137832642
-0.9849051833152771
-0.864946722984314
-0.9966055154800415
-0.9989216327667236
-0.8927212357521057
-0.9978780746459961
-0.9655086994171143
-0.9686030745506287
-0.950074315071106
-0.9924593567848206
-0.5560789704322815
-0.9886060357093811
-0.995862603187561
-0.8058564066886902
-0.6542643904685974
-0.6740644574165344
-0.9423468708992004
-0.788606584072113
-0.8793006539344788
-0.9946756362915039
-0.6696555614471436
-0.9342069029808044
-0.915407657623291
-0.9306338429450989
-0.7883052825927734
-0.9712167382240295
-0.964196503162384
-0.9848101735115051
-0.9960220456123352
-0.9090886116027832
-0.7402458190917969
-0.9981443881988525
-0.9638057947158813
-0.9162633419036865
-0.9834026098251343
-0.9009702801704407
-0.2933998703956604
-0.9665805101394653
-0.9944252967834473
-0.9853283762931824
-0.9983225464820862
-0.9941871166229248
-0.9598158597946167
-0.33615559339523315
-0.8076673150062561
-0.9389277696609497
-0.8670942783355713
-0.9974876642227173
-0.5418322682380676
-0.031179174780845642
-0.7581311464309692
-0.9981231093406677
-0.9955255389213562
-0.9858109951019287
-0.9560118317604065
-0.9129042625427246
-0.9529314637184143
-0.9522606730461121
-0.9752011299133301
-0.9931154847145081
-0.9246909022331238
-0.8736909031867981
-0.965124785900116
-0.8884593844413757
-0.9209877848625183
-0.9995937943458557
-0.4875577688217163
-0.9415470361709595
-0.9926896691322327
-0.9910773038864136
-0.9990026354789734
-0.9172537326812744
-0.9990416169166565
-0.9867817759513855
-0.9182144403457642
-0.9947711825370789
-0.9643740057945251
-0.9620092511177063
-0.9586242437362671
-0.9962154030799866
-0.48650693893432617
-0.9974508881568909
-0.6701735854148865
-0.9141474366188049
-0.949581503868103
-0.9940977096557617
-0.9928039908409119
-0.9937566518783569
-0.9982306361198425
-0.9660571217536926
-0.15981945395469666
-0.9986476302146912
-0.9198759198188782
-0.9917266368865967
-0.7878886461257935
-0.7129848003387451
-0.9430751204490662
-0.09162890911102295
-0.7555911540985107
-0.9880658388137817
-0.9743273854255676
-0.9951784610748291
-0.8133864402770996
-0.22482554614543915
-0.9648960828781128
-0.9883787631988525
-0.996773898601532
-0.9983205199241638
-0.9838796257972717
-0.9631960988044739
-0.8634558916091919
-0.9923535585403442
-0.8122032284736633
-0.9957179427146912
-0.06788287311792374
-0.7260977625846863
-0.9148470759391785
-0.9908662438392639
-0.999127209186554
-0.9228896498680115
-0.5063230395317078
-0.7883595824241638
-0.8347101807594299
-0.9933233857154846
-0.9718095064163208
-0.9654572606086731
-0.9380186796188354
-0.9672138690948486
-0.9902240633964539
-0.9287168383598328
-0.9931928515434265
-0.9598556756973267
-0.9942650198936462
-0.8732799291610718
-0.998921275138855
-0.9812559485435486
-0.9831946492195129
-0.8447960019111633
-0.9398876428604126
-0.9931856393814087
-0.9986072182655334
-0.796795129776001
-0.9964072108268738
-0.6630833745002747
-0.9491410255432129
-0.9796785116195679
-0.7235694527626038
-0.9395246505737305
-0.9798877239227295
-0.9354649782180786
-0.9813224077224731
-0.410297155380249
-0.976909339427948
-0.9724293351173401
-0.9887282848358154
-0.9706051349639893
-0.9651442170143127
-0.9787647724151611
-0.9979650974273682
-0.8785971403121948
-0.9180928468704224
-0.7290873527526855
-0.9559932947158813
-0.9914429783821106
-0.8467729687690735
-0.9573817849159241
-0.9953421354293823
-0.9709457159042358
-0.9902353882789612
-0.9972750544548035
-0.9637518525123596
-0.9314659237861633
-0.991608202457428
-0.905832827091217
-0.9797377586364746
-0.9932175278663635
-0.9854662418365479
-0.982213020324707
-0.9650622010231018
-0.993881106376648
-0.9754772782325745
-0.5738221406936646
-0.9096353650093079
-0.9829020500183105
-0.4338610768318176
-0.9640592336654663
-0.9945207834243774
-0.9731945395469666
-0.99378502368927
-0.92560213804245
-0.9739564657211304
-0.9026718735694885
-0.9773650765419006
-0.9926072359085083
-0.8744955062866211
-0.8297513127326965
-0.8721344470977783
-0.6517536640167236
-0.9880460500717163
-0.9881058931350708
-0.9964632391929626
-0.9978926777839661
-0.8480589389801025
-0.991320788860321
-0.9390478134155273
-0.9579866528511047
-0.9559162855148315
-0.7704935669898987
-0.9644745588302612
-0.9882611632347107
-0.9495117664337158
-0.9716497659683228
-0.9953649044036865
-0.9932906627655029
-0.9361129403114319
-0.9033706784248352
-0.9723438620567322
-0.9965820908546448
-0.9906492829322815
-0.9849441647529602
-0.5124179124832153
-0.9747142195701599
-0.9960427284240723
-0.9679093360900879
-0.8155555725097656
-0.9971880316734314
-0.997374415397644
-0.9693831205368042
-0.5696837902069092
-0.9294647574424744
-0.9606918096542358
-0.998532772064209
-0.8998616933822632
-0.9602593779563904
-0.9478762149810791
-0.9646187424659729
-0.89529949426651
-0.9959761500358582
-0.8220940828323364
-0.9893810749053955
-0.2468075454235077
-0.7301074862480164
-0.9901186227798462
-0.9945210218429565
-0.9548598527908325
-0.9860660433769226
-0.8870426416397095
-0.9656366109848022
-0.9840052127838135
-0.976482629776001
-0.9896137118339539
-0.01164682861417532
-0.6222360134124756
-0.845794141292572
-0.943851113319397
-0.8971959352493286
-0.6664589643478394
-0.10653630644083023
-0.9719765782356262
-0.9470115900039673
-0.7809901833534241
-0.9826489686965942
-0.9637930393218994
-0.41857343912124634
-0.841599702835083
-0.8593830466270447
-0.07775953412055969
-0.9685578942298889
-0.05371696874499321
-0.8690422773361206
-0.8366353511810303
-0.9931697845458984
-0.927282989025116
-0.8789820075035095
-0.5656113624572754
-0.9496192336082458
-0.9395231008529663
-0.9830689430236816
-0.9338670372962952
-0.9935603141784668
-0.9929221868515015
-0.9895060658454895
-0.9945441484451294
-0.7852970361709595
-0.8653194904327393
-0.9808046221733093
-0.9984873533248901
-0.8578826189041138
-0.991680920124054
-0.9305752515792847
-0.9970614314079285
-0.9655365943908691
-0.9991104006767273
-0.9986341595649719
-0.8084349632263184
-0.9557389616966248
-0.9730428457260132
-0.998036801815033
-0.9220829606056213
-0.9760845303535461
-0.8528203368186951
-0.05177977681159973
-0.9828870892524719
-0.91229248046875
-0.9815890789031982
-0.9634144902229309
-0.9798511862754822
-0.8851212859153748
-0.9146711230278015
-0.9509856104850769
-0.7981999516487122
-0.9768114686012268
-0.9853581190109253
-0.9727137088775635
-0.9812983274459839
-0.9693164229393005
-0.9404586553573608
-0.9443315863609314
-0.9986864924430847
-0.977942168712616
-0.5337429642677307
-0.9952125549316406
-0.990637481212616
-0.9798088669776917
-0.9734686613082886
-0.9812272787094116
-0.9289994835853577
-0.9905996918678284
-0.7345094680786133
-0.9239665269851685
-0.9842197299003601
-0.9787918329238892
-0.9370251297950745
-0.8729575872421265
-0.9888307452201843
-0.8796535134315491
-0.6242105960845947
-0.41935575008392334
-0.21387876570224762
-0.9091876745223999
-0.9963752627372742
-0.9933323264122009
-0.7265192866325378
-0.9082202911376953
-0.9860290884971619
-0.857082724571228
-0.8812763690948486
-0.9546833634376526
-0.9724842309951782
-0.9543042182922363
-0.9941220879554749
-0.9311841726303101
-0.9852827787399292
-0.9912441968917847
-0.9821138978004456
-0.8956042528152466
-0.9151791334152222
-0.8328980207443237
-0.6085541844367981
-0.9648581743240356
-0.9210813045501709
-0.9822889566421509
-0.9927173852920532
-0.19480036199092865
-0.9935238361358643
-0.957228422164917
-0.9871949553489685
-0.8255711793899536
-0.8498566746711731
-0.6600706577301025
-0.9410472512245178
-0.9284453988075256
-0.30683842301368713
-0.9976000189781189
-0.99676114320755
-0.9786249995231628
-0.9962188601493835
-0.9539863467216492
-0.9913983345031738
-0.9845001697540283
-0.9313915967941284
-0.7196090817451477
-0.996130108833313
-0.9985558390617371
-0.053254712373018265
-0.923923671245575
-0.6509864330291748
-0.8853806257247925
-0.6246997117996216
-0.49697455763816833
-0.6899768710136414
-0.9792397022247314
-0.9728049635887146
-0.9665625691413879
-0.8363866209983826
-0.7213783860206604
-0.9881862998008728
-0.9766061305999756
-0.928592324256897
-0.9864934682846069
-0.8924261927604675
-0.997338593006134
-0.8429003953933716
-0.44505834579467773
-0.918586790561676
-0.9986466765403748
-0.9983609318733215
-0.9392428398132324
-0.933867871761322
-0.8934182524681091
-0.10922225564718246
-0.9911120533943176
-0.9339052438735962
-0.9103487730026245
-0.984107494354248
-0.9096763730049133
-0.9861488342285156
-0.7501002550125122
-0.9113904237747192
-0.995599627494812
-0.6064378619194031
-0.9935744404792786
-0.8844800591468811
-0.936901330947876
-0.44068148732185364
-0.9707165360450745
-0.6055471301078796
-0.8727008104324341
-0.5419138669967651
-0.9487152099609375
-0.9935286641120911
-0.9527229070663452
-0.9499658346176147
-0.9940493106842041
-0.8775475025177002
-0.954254150390625
-0.9499253034591675
-0.7667434215545654
-0.0186635572463274
-0.9610224366188049
-0.9697986245155334
-0.8186092376708984
-0.9907545447349548
-0.7002727389335632
-0.931208074092865
-0.013068723492324352
-0.9838036298751831
-0.737713098526001
-0.9942589998245239
-0.9966480135917664
-0.8833954334259033
-0.9724630117416382
-0.01733780838549137
-0.9881957769393921
-0.9622346758842468
-0.9943260550498962
-0.9498999118804932
-0.0017181670991703868
-0.9677942991256714
-0.6164949536323547
-0.7731691598892212
-0.9983635544776917
-0.9981232285499573
-0.7671571373939514
-0.8240943551063538
-0.9456629157066345
-0.9822961688041687
-0.9972864389419556
-0.9934797286987305
-0.9857361912727356
-0.860562264919281
-0.9984297156333923
-0.9712821245193481
-0.6169325113296509
-0.9589367508888245
-0.06637995690107346
-0.978981077671051
-0.9828436374664307
-0.911494791507721
-0.9225576519966125
-0.9089502096176147
-0.9227412343025208
-0.9923020601272583
-0.9631388187408447
-0.9843271374702454
-0.5328599810600281
-0.9516921639442444
-0.9946633577346802
-0.985106348991394
-0.9803316593170166
-0.9410172700881958
-0.9913041591644287
-0.7114641666412354
-0.9001589417457581
-0.8216098546981812
-0.9218066334724426
-0.9991182684898376
-0.9876278638839722
-0.8162655830383301
-0.7133990526199341
-0.8883214592933655
-0.9863198399543762
-0.9892094731330872
-0.9979671835899353
-0.9385986328125
-0.6805967688560486
-0.8843083381652832
-0.9880161881446838
-0.9895965456962585
-0.935674250125885
-0.9375535845756531
-0.8396615982055664
-0.9809401631355286
-0.9412368535995483
-0.9661093950271606
-0.32656413316726685
-0.9959366321563721
-0.9935992956161499
-0.9921414852142334
-0.9679694175720215
-0.9562377333641052
-0.9078993797302246
-0.9132115840911865
-0.9699103236198425
-0.45765799283981323
-0.9646618962287903
-0.9346080422401428
-0.978621244430542
-0.707690954208374
-0.8598779439926147
-0.979401707649231
-0.9868702292442322
-0.9573493599891663
-0.9992963075637817
-0.9935123324394226
-0.8581477403640747
-0.9942272901535034
-0.953471302986145
-0.7781503200531006
-0.9354737997055054
-0.9610244035720825
-0.9836832880973816
-0.747052788734436
-0.8814098238945007
-0.9841115474700928
-0.9892616271972656
-0.9987080097198486
-0.6625638008117676
-0.981835126876831
-0.9899123311042786
-0.11202570050954819
-0.98524010181427
-0.8124059438705444
-0.122049979865551
-0.7542450428009033
-0.974149763584137
-0.920892596244812
-0.28911706805229187
-0.42450010776519775
-0.8417937755584717
-0.7189411520957947
-0.9941097497940063
-0.972865879535675
-0.8572481870651245
-0.8515985012054443
-0.9909600019454956
-0.5991778373718262
-0.9984868764877319
-0.972814679145813
-0.9682154655456543
-0.9966753721237183
-0.8885853290557861
-0.9830144643783569
-0.9976869821548462
-0.8866870999336243
-0.99822598695755
-0.20929589867591858
-0.8983774185180664
-0.9800833463668823
-0.9876911640167236
-0.9966042041778564
-0.87480229139328
-0.9354205131530762
-0.9979787468910217
-0.995223343372345
-0.9428900480270386
-0.9600111246109009
-0.6737805008888245
-0.9992927312850952
-0.9963983297348022
-0.9805781841278076
-0.5992851853370667
-0.798401415348053
-0.9042156934738159
-0.9963231086730957
-0.9541733264923096
-0.9448021054267883
-0.9794671535491943
-0.9766812920570374
-0.9835028052330017
-0.31886836886405945
-0.9662686586380005
-0.9852519035339355
-0.8003106117248535
-0.9804317355155945
-0.9858760237693787
-0.9818342328071594
-0.9879260063171387
-0.8762799501419067
-0.995163083076477
-0.11036913841962814
-0.9616330862045288
-0.9900500774383545
-0.06622955203056335
-0.9037595987319946
-0.999583899974823
-0.8936931490898132
-0.9960579872131348
-0.4368714690208435
-0.9671412706375122
-0.9622342586517334
-0.969491183757782
-0.9798847436904907
-0.9901188611984253
-0.9776541590690613
-0.9629597067832947
-0.8096893429756165
-0.9798449277877808
-0.9971285462379456
-0.9896911382675171
-0.8963606357574463
-0.961931049823761
-0.9961347579956055
-0.7946516871452332
-0.9807357788085938
-0.9991866946220398
-0.9925646781921387
-0.9959428906440735
-0.9481940269470215
-0.9599471688270569
-0.9809666872024536
-0.9308865666389465
-0.6263599395751953
-0.9952308535575867
-0.9992042183876038
-0.9962653517723083
-0.9855734705924988
-0.9577101469039917
-0.9328535199165344
-0.2338613122701645
-0.8507182598114014
-0.8185669779777527
-0.9338973760604858
-0.9715660214424133
-0.9123055934906006
-0.4638786017894745
-0.9954116940498352
-0.5104290246963501
-0.9902747869491577
-0.945215106010437
-0.9960598349571228
-0.7793602347373962
-0.993587851524353
-0.9547635316848755
-0.9896535277366638
-0.9907851219177246
-0.9704435467720032
-0.9201931953430176
-0.9595412611961365
-0.8204748034477234
-0.3540140688419342
-0.97913658618927
-0.7960609793663025
-0.9555618762969971
-0.951470673084259
-0.9676629304885864
-0.9909716844558716
-0.9794924259185791
-0.9843432903289795
-0.9990457892417908
-0.8458674550056458
-0.9488836526870728
-0.7513602375984192
-0.9979104399681091
-0.5403608083724976
-0.9846745729446411
-0.9904178977012634
-0.9888792037963867
-0.9952167272567749
-0.8450735211372375
-0.993962824344635
-0.8583385348320007
-0.9732934832572937
-0.7548530101776123
-0.8693552613258362
-0.9442753791809082
-0.7005282044410706
-0.9597886204719543
-0.6858333945274353
-0.9559245705604553
-0.5950115323066711
-0.9914475679397583
-0.9709086418151855
-0.9927387833595276
-0.9424179196357727
-0.9796926975250244
-0.9910914301872253
-0.9905425906181335
-0.6325822472572327
-0.9908375144004822
-0.9609290361404419
-0.043151624500751495
-0.9139007329940796
-0.9222397804260254
-0.9881728291511536
-0.9937254786491394
-0.9615834951400757
-0.8664177656173706
-0.9935227632522583
-0.9928533434867859
-0.9335983395576477
-0.73145991563797
-0.524287760257721
-0.9803043007850647
-0.9990781545639038
-0.9861142635345459
-0.13014987111091614
-0.906974196434021
-0.9793258905410767
-0.983258068561554
-0.9962510466575623
-0.9792945981025696
-0.5607745051383972
-0.9874810576438904
-0.8303435444831848
-0.9990529417991638
-0.9967813491821289
-0.9794528484344482
-0.924072265625
-0.997929573059082
-0.8926872611045837
-0.982342541217804
-0.953549861907959
-0.8372099995613098
-0.9757705926895142
-0.8532190322875977
-0.6929389834403992
-0.9823505878448486
-0.9894485473632812
-0.9949571490287781
-0.7192788124084473
-0.9819371104240417
-0.6367958188056946
-0.9947369694709778
-0.9493510127067566
-0.44016334414482117
-0.9982800483703613
-0.9714105725288391
-0.9328632950782776
-0.954449474811554
-0.9832308292388916
-0.9527416229248047
-0.9933183193206787
-0.9962024092674255
-0.12532909214496613
-0.9802063703536987
-0.658291757106781
-0.9800511002540588
-0.8306635618209839
-0.021262554451823235
-0.9989957213401794
-0.8675296902656555
-0.9093985557556152
-0.26068976521492004
-0.9795525670051575
-0.9493203163146973
-0.9904007315635681
-0.9551048874855042
-0.9789479374885559
-0.9173805713653564
-0.326690137386322
-0.94821697473526
-0.6583205461502075
-0.9830275774002075
-0.999134361743927
-0.9808563590049744
-0.9874666333198547
-0.9749636650085449
-0.9816267490386963
-0.7319231629371643
-0.8269216418266296
-0.9852973818778992
-0.9754226207733154
-0.6502278447151184
-0.9900317192077637
-0.9937458038330078
-0.9414779543876648
-0.9653751254081726
-0.9889264106750488
-0.9994925260543823
-0.8448720574378967
-0.9928998947143555
-0.9945334196090698
-0.9825507998466492
-0.9980048537254333
-0.9507978558540344
-0.6375330090522766
-0.9135692715644836
-0.9777488708496094
-0.9564962387084961
-0.9504848718643188
-0.9866944551467896
-0.0884968563914299
-0.8683708906173706
-0.9976436495780945
-0.9633434414863586
-0.999563992023468
-0.9831632971763611
-0.9406332969665527
-0.9760021567344666
-0.8757790923118591
-0.9866440892219543
-0.8764194250106812
-0.9784961342811584
-0.997363269329071
-0.9670511484146118
-0.9915287494659424
-0.34705206751823425
-0.9801018238067627
-0.8461964726448059
-0.9880730509757996
-0.9418919086456299
-0.2140105813741684
-0.9963781237602234
-0.9976917505264282
-0.9936495423316956
-0.991980791091919
-0.9906213283538818
-0.9828670620918274
-0.6436627507209778
-0.96364426612854
-0.9965296387672424
-0.9111943244934082
-0.8897927403450012
-0.9837628602981567
-0.8347110152244568
-0.5371960401535034
-0.41363584995269775
-0.9964738488197327
-0.9531770348548889
-0.9857909679412842
-0.9582000374794006
-0.9365384578704834
-0.9805546998977661
-0.7503867745399475
-0.5099928379058838
-0.9750228524208069
-0.6493827104568481
-0.9751501083374023
-0.9762778878211975
-0.9950636029243469
-0.9787640571594238
-0.9976794123649597
-0.3104797601699829
-0.9969030022621155
-0.9909976720809937
-0.9933314919471741
-0.9991042017936707
-0.9747198820114136
-0.4971725642681122
-0.9722088575363159
-0.9897998571395874
-0.9714771509170532
-0.9764427542686462
-0.8616408705711365
-0.9447270035743713
-0.86282879114151
-0.9521737694740295
-0.9754340648651123
-0.9987316727638245
-0.48851877450942993
-0.9901517033576965
-0.9795883893966675
-0.9970316886901855
-0.8745526671409607
-0.8398210406303406
-0.89316326379776
-0.991273820400238
-0.8909590244293213
-0.9657401442527771
-0.9968656897544861
-0.9837802052497864
-0.9966913461685181
-0.9530699253082275
-0.9641687870025635
-0.9816325902938843
-0.9443527460098267
-0.8570319414138794
-0.9601427912712097
-0.9414694905281067
-0.9619423747062683
-0.993281364440918
-0.9961838126182556
-0.7203182578086853
-0.9993382096290588
-0.586583137512207
-0.9268959164619446
-0.98589688539505
-0.9855964183807373
-0.9855734705924988
-0.989366352558136
-0.2128170132637024
-0.891588568687439
-0.865589439868927
-0.9280074238777161
-0.5542859435081482
-0.8999626636505127
-0.9792510271072388
-0.9262831211090088
-0.9962131977081299
-0.910844087600708
-0.9240683317184448
-0.985094428062439
-0.9884061813354492
-0.9600810408592224
-0.9865729808807373
-0.9817106127738953
-0.3706900477409363
-0.9493488669395447
-0.12194615602493286
-0.9976426959037781
-0.5137481093406677
-0.8502446413040161
-0.4349603056907654
-0.9812182784080505
-0.9703513383865356
-0.9557759165763855
-0.6465986967086792
-0.9439505338668823
-0.9594435691833496
-0.8856412768363953
-0.7802852392196655
-0.9918696880340576
-0.9950473308563232
-0.9856530427932739
-0.2433493435382843
-0.7871273159980774
-0.7687674164772034
-0.9595773816108704
-0.9901002049446106
-0.9182371497154236
-0.9582400918006897
-0.990944504737854
-0.9761183857917786
-0.9913523197174072
-0.9975480437278748
-0.8803497552871704
-0.9702005386352539
-0.7570372819900513
-0.9821779727935791
-0.9925289750099182
-0.14960186183452606
-0.6153889894485474
-0.5990797281265259
-0.997425377368927
-0.7538468241691589
-0.8733082413673401
-0.937901496887207
-0.9010571837425232
-0.9929472208023071
-0.952505886554718
-0.9875040650367737
-0.9555604457855225
-0.9939436316490173
-0.8922882676124573
-0.5464157462120056
-0.9957199692726135
-0.6500455737113953
-0.9953664541244507
-0.9884224534034729
-0.9951379895210266
-0.9181398749351501
-0.9969651103019714
-0.8998124599456787
-0.9756386876106262
-0.894676923751831
-0.9338723421096802
-0.92807936668396
-0.9963723421096802
-0.9917070269584656
-0.9951006770133972
-0.9753531813621521
-0.9921383261680603
-0.9991053938865662
-0.8773003220558167
-0.983137845993042
-0.458755761384964
-0.17832468450069427
-0.9941408038139343
-0.9697871208190918
-0.9844211339950562
-0.9873147010803223
-0.9998040795326233
-0.8521957993507385
-0.8541500568389893
-0.994026780128479
-0.9361640810966492
-0.9574148058891296
-0.9927374720573425
-0.9493970274925232
-0.9812745451927185
-0.9752076864242554
-0.9235976338386536
-0.9752625823020935
-0.9744265079498291
-0.9712854623794556
-0.9639847874641418
-0.045040328055620193
-0.9930201172828674
-0.7946773171424866
-0.9997509121894836
-0.9549014568328857
-0.8931596279144287
-0.977013111114502
-0.15606017410755157
-0.9550452828407288
-0.9319393634796143
-0.9854590892791748
-0.9891167283058167
-0.9981821775436401
-0.996675968170166
-0.4681720733642578
-0.9899711012840271
-0.9682384729385376
-0.9951419830322266
-0.9468044638633728
-0.9960894584655762
-0.9950599074363708
-0.9912277460098267
-0.6549179553985596
-0.7255170941352844
-0.8598843812942505
-0.9310781359672546
-0.9940218329429626
-0.8480013012886047
-0.9972002506256104
-0.9945517182350159
-0.25885772705078125
-0.9800711274147034
-0.12380421161651611
-0.8807382583618164
-0.7487479448318481
-0.9721876978874207
-0.8174795508384705
-0.9888455271720886
-0.9884622693061829
-0.9284954071044922
-0.9492104053497314
-0.6375223398208618
-0.9868193864822388
-0.13856175541877747
-0.9199480414390564
-0.9935368895530701
-0.9894282221794128
-0.8024094104766846
-0.9988802075386047
-0.9230380058288574
-0.994560182094574
-0.8991294503211975
-0.9882367253303528
-0.727703869342804
-0.25228461623191833
-0.9488246440887451
-0.9956603646278381
-0.8290116190910339
-0.9776656627655029
-0.9939497709274292
-0.9537410140037537
-0.9940179586410522
-0.9385063052177429
-0.9896050691604614
-0.907391369342804
-0.9914029240608215
-0.9681738615036011
-0.98685222864151
-0.9881343245506287
-0.647814154624939
-0.9915890097618103
-0.9467337131500244
-0.9998077750205994
-0.998389720916748
-0.9794319272041321
-0.9936385750770569
-0.982779324054718
-0.9616519212722778
-0.7239667177200317
-0.9496835470199585
-0.9838618636131287
-0.9414548873901367
-0.9976038336753845
-0.9960060715675354
-0.9804016947746277
-0.9663702845573425
-0.1495411992073059
-0.560160756111145
-0.9981714487075806
-0.9375032782554626
-0.9541912078857422
-0.8564985990524292
-0.9937454462051392
-0.9358448386192322
-0.9953879714012146
-0.8996123671531677
-0.99442058801651
-0.925094723701477
-0.999002993106842
-0.9957751631736755
-0.9846396446228027
-0.7820085883140564
-0.987334132194519
-0.660704493522644
-0.8092454671859741
-0.24285341799259186
-0.9841741323471069
-0.9187278151512146
-0.9737681150436401
-0.9998979568481445
-0.9886140823364258
-0.9955809712409973
-0.9898472428321838
-0.9497029185295105
-0.9731691479682922
-0.9893935918807983
-0.8653874397277832
-0.99887615442276
-0.9571565389633179
-0.9691157937049866
-0.8956753015518188
-0.9754958748817444
-0.9231616854667664
-0.9263292551040649
-0.9574388265609741
-0.9849676489830017
-0.7452638745307922
-0.9964738488197327
-0.9953265190124512
-0.4708101153373718
-0.7483105659484863
-0.9877490401268005
-0.6772944331169128
-0.8942623138427734
-0.9980611205101013
-0.9883937835693359
-0.9193384051322937
-0.9637624025344849
-0.9741320013999939
-0.8712054491043091
-0.9579873085021973
-0.998137354850769
-0.9958465695381165
-0.9929620623588562
-0.5625489950180054
-0.9723342061042786
-0.9837666749954224
-0.939415693283081
-0.9968655705451965
-0.983475923538208
-0.8844226002693176
-0.9911120533943176
-0.9882737398147583
-0.9813581109046936
-0.8951163291931152
-0.9990355968475342
-0.7279607057571411
-0.858001708984375
-0.01729382947087288
-0.9940723776817322
-0.8315085768699646
-0.9513444304466248
-0.9977619647979736
-0.9965004920959473
-0.9973821043968201
-0.992620050907135
-0.43492332100868225
-0.8215817213058472
-0.9764016270637512
-0.9279007911682129
-0.9308972358703613
-0.7171555161476135
-0.9716658592224121
-0.9666246175765991
-0.9667730927467346
-0.06361013650894165
-0.2060709297657013
-0.39153334498405457
-0.9996289014816284
-0.9220730066299438
-0.6381340026855469
-0.9232053756713867
-0.9145979285240173
-0.9940569400787354
-0.9855626821517944
-0.31918027997016907
-0.9780634641647339
-0.9656577706336975
-0.9795235991477966
-0.970491349697113
-0.9753389954566956
-0.996220052242279
-0.9611185193061829
-0.9942888021469116
-0.999731719493866
-0.5397405624389648
-0.9937900900840759
-0.9967377781867981
-0.973936915397644
-0.8043448328971863
-0.9468339681625366
-0.9722480773925781
-0.9992246627807617
-0.9412877559661865
-0.9926347136497498
-0.9716092348098755
-0.9459248185157776
-0.989529550075531
-0.9427723288536072
-0.9772083759307861
-0.9486061930656433
-0.9907165169715881
-0.9065349102020264
-0.9876387119293213
-0.9720485806465149
-0.8649169206619263
-0.9660318493843079
-0.997495174407959
-0.965844988822937
-0.6915278434753418
-0.9966837763786316
-0.9986459612846375
-0.988763689994812
-0.9651533365249634
-0.8613550066947937
-0.992362380027771
-0.9902756214141846
-0.8411674499511719
-0.9886216521263123
-0.25090205669403076
-0.9906837940216064
-0.954928457736969
-0.9681656956672668
-0.9852468967437744
-0.4012986123561859
-0.9964696168899536
-0.9975257515907288
-0.795789361000061
-0.9953344464302063
-0.9943912625312805
-0.8516629934310913
-0.9737405180931091
-0.8949494361877441
-0.9624594449996948
-0.9849727153778076
-0.9459258913993835
-0.8769773840904236
-0.9953181147575378
-0.9825723171234131
-0.9947189092636108
-0.7100743055343628
-0.9888561367988586
-0.9850645661354065
-0.9628806114196777
-0.9987518787384033
-0.8673132658004761
-0.909797728061676
-0.9774786233901978
-0.640008270740509
-0.9486052393913269
-0.991483747959137
-0.8226466178894043
-0.4552419185638428
-0.9715740084648132
-0.9962491393089294
-0.05890129879117012
-0.9975762963294983
-0.48970526456832886
-0.992850661277771
-0.9238795042037964
-0.7752312421798706
-0.9984134435653687
-0.8889565467834473
-0.9812139272689819
-0.999702513217926
-0.974871814250946
-0.9892954230308533
-0.9722698330879211
-0.9921200275421143
-0.9603318572044373
-0.9654293656349182
-0.967439591884613
-0.9674226641654968
-0.9634370803833008
-0.8714705109596252
-0.8395743370056152
-0.8702340722084045
-0.09226592630147934
-0.9181172847747803
-0.8691197037696838
-0.9833068251609802
-0.943241536617279
-0.9255995750427246
-0.9890370965003967
-0.995902955532074
-0.5023097991943359
-0.9810498356819153
-0.955528974533081
-0.9395774006843567
-0.9834076762199402
-0.9981650710105896
-0.9998739957809448
-0.9541388154029846
-0.8780065178871155
-0.9897468090057373
-0.9680646061897278
-0.995904266834259
-0.8552498817443848
-0.9931071400642395
-0.6788176894187927
-0.9891940355300903
-0.9514276385307312
-0.994669497013092
-0.9921402335166931
-0.9814810752868652
-0.9928888082504272
-0.7594015598297119
-0.9579832553863525
-0.8984227180480957
-0.7963817715644836
-0.9984347224235535
-0.984751284122467
-0.8849108815193176
-0.9912965297698975
-0.9947648048400879
-0.923585057258606
-0.987497091293335
-0.9429644346237183
-0.9925209283828735
-0.5114701390266418
-0.996307373046875
-0.9739845991134644
-0.7410013675689697
-0.9687939882278442
-0.9798989295959473
-0.9958611130714417
-0.9797025322914124
-0.9947465062141418
-0.9535213708877563
-0.9714744687080383
-0.5247287750244141
-0.8066942095756531
-0.9923161268234253
-0.9994497895240784
-0.8396517634391785
-0.9922568798065186
-0.95257568359375
-0.9536414742469788
-0.9830150604248047
-0.9979078769683838
-0.9886996150016785
-0.8170397281646729
-0.9986007809638977
-0.9886614084243774
-0.770331084728241
-0.9321994185447693
-0.9748256802558899
-0.9825109839439392
-0.9853074550628662
-0.9955238103866577
-0.9991133809089661
-0.9750959277153015
-0.9947984218597412
-0.9453206062316895
-0.9986634254455566
-0.9394351243972778
-0.9990824460983276
-0.9751801490783691
-0.8526522517204285
-0.9342989921569824
-0.9125636219978333
-0.07033322751522064
-0.9690969586372375
-0.9671515226364136
-0.9743519425392151
-0.9973184466362
-0.9226655960083008
-0.9515634179115295
-0.9486960768699646
-0.9820982813835144
-0.721505880355835
-0.7333685159683228
-0.9503436088562012
-0.9320062398910522
-0.49776872992515564
-0.6108356714248657
-0.9983324408531189
-0.988579273223877
-0.8850600719451904
-0.9959795475006104
-0.057690151035785675
-0.35046306252479553
-0.9900060296058655
-0.9204912781715393
-0.9619722962379456
-0.9857115149497986
-0.8570130467414856
-0.7904391884803772
-0.9764083027839661
-0.35217925906181335
-0.7552873492240906
-0.18306617438793182
-0.6975395679473877
-0.8019782900810242
-0.6896482706069946
-0.879891574382782
-0.9961497783660889
-0.9297268390655518
-0.890296220779419
-0.8247610330581665
-0.9992877840995789
-0.9948912858963013
-0.2567974030971527
-0.9897105097770691
-0.8474055528640747
-0.9891743659973145
-0.8597580790519714
-0.8816878199577332
-0.9897916316986084
-0.9359835982322693
-0.7695568203926086
-0.997047483921051
-0.9936512112617493
-0.9892082810401917
-0.9793784022331238
-0.9987565279006958
-0.912969172000885
-0.9814465045928955
-0.9183605313301086
-0.9588053226470947
-0.9859097003936768
-0.7343354821205139
-0.9978650212287903
-0.9975048899650574
-0.9937819838523865
-0.8827419281005859
-0.911163866519928
-0.3693309426307678
-0.7861275672912598
-0.948723316192627
-0.8983705639839172
-0.02430744655430317
-0.9903096556663513
-0.983308732509613
-0.5084030032157898
-0.9996451139450073
-0.9983025789260864
-0.9603853821754456
-0.994356095790863
-0.9878857135772705
-0.9690885543823242
-0.9427118301391602
-0.9162620306015015
-0.3276103734970093
-0.9568108916282654
-0.9642869830131531
-0.9951901435852051
-0.6667346358299255
-0.9941118359565735
-0.9895344376564026
-0.6930114030838013
-0.8924326300621033
-0.977910041809082
-0.8113250732421875
-0.824130117893219
-0.9951239228248596
-0.9989420771598816
-0.6126294136047363
-0.979512631893158
-0.9957000017166138
-0.9120604991912842
-0.27521535754203796
-0.282949298620224
-0.016588564962148666
-0.8452524542808533
-0.9005416035652161
-0.9626457691192627
-0.9376746416091919
-0.9350967407226562
-0.9155648946762085
-0.9785424470901489
-0.8478008508682251
-0.9051663875579834
-0.9782166481018066
-0.023561405017971992
-0.8972470164299011
-0.9961716532707214
-0.8946734070777893
-0.9759760499000549
-0.7766202092170715
-0.9903163313865662
-0.9913950562477112
-0.997607946395874
-0.15087391436100006
-0.9874457120895386
-0.9665935039520264
-0.992037296295166
-0.7654337882995605
-0.9906253814697266
-0.7912786602973938
-0.9931100606918335
-0.785732090473175
-0.97995924949646
-0.9920976161956787
-0.9909225106239319
-0.9987064599990845
-0.9835604429244995
-0.9059121608734131
-0.27951839566230774
-0.9112336039543152
-0.9118888974189758
-0.9775723814964294
-0.9804677963256836
-0.9665815830230713
-0.9417233467102051
-0.9879564642906189
-0.9979648590087891
-0.6985751986503601
-0.9679619669914246
-0.9317048192024231
-0.9968452453613281
-0.9992139339447021
-0.9899245500564575
-0.9820020198822021
-0.9961372017860413
-0.9971031546592712
-0.9657933712005615
-0.9837093353271484
-0.9672663807868958
-0.7117962837219238
-0.9800316095352173
-0.9855064153671265
-0.9890545606613159
-0.8426680564880371
-0.9951741099357605
-0.9632228016853333
-0.8470805287361145
-0.872155487537384
-0.95797199010849
-0.9433239102363586
-0.8834636211395264
-0.926202654838562
-0.9561764001846313
-0.8757915496826172
-0.9208326935768127
-0.9971916079521179
-0.9956287145614624
-0.993388295173645
-0.9967765212059021
-0.7543147206306458
-0.7887306809425354
-0.9953998923301697
-0.9674455523490906
-0.9980787038803101
-0.915971577167511
-0.9910913109779358
-0.9678252339363098
-0.9530813097953796
-0.9625464677810669
-0.8396307229995728
-0.6755864024162292
-0.9159299731254578
-0.9944303631782532
-0.9963476061820984
-0.8566632270812988
-0.9621891975402832
-0.992408275604248
-0.9736908674240112
-0.9910035133361816
-0.9892174005508423
-0.9851232171058655
-0.9673364162445068
-0.9681149125099182
-0.9552987217903137
-0.7793546319007874
-0.9607180953025818
-0.9731910228729248
-0.9657210111618042
-0.9283655285835266
-0.05725029855966568
-0.1286604404449463
-0.7503154873847961
-0.9915519952774048
-0.8473665118217468
-0.9642466306686401
-0.9609309434890747
-0.8879701495170593
-0.9338589310646057
-0.3910258114337921
-0.3929031491279602
-0.9883009791374207
-0.06167423352599144
-0.8508040308952332
-0.6045148968696594
-0.8674710988998413
-0.13338038325309753
-0.9953183531761169
-0.9629392623901367
-0.9198846220970154
-0.045998044312000275
-0.3484051823616028
-0.9809175729751587
-0.9875621795654297
-0.8849841356277466
-0.9288097023963928
-0.9029147624969482
-0.9684470295906067
-0.9055939316749573
-0.14063434302806854
-0.982554018497467
-0.951545238494873
-0.9992673993110657
-0.8188199400901794
-0.6671896576881409
-0.9962514042854309
-0.9931930899620056
-0.9906789660453796
-0.9736675024032593
-0.9979199767112732
-0.9984850287437439
-0.9956620335578918
-0.9982206225395203
-0.9926708936691284
-0.9976638555526733
-0.9466514587402344
-0.94806969165802
-0.9963383674621582
-0.9514893293380737
-0.8255556225776672
-0.9988141059875488
-0.8048721551895142
-0.9985445737838745
-0.9944597482681274
-0.9348316192626953
-0.9797500371932983
-0.26879411935806274
-0.9117783308029175
-0.3844241201877594
-0.995259702205658
-0.9943453073501587
-0.940904438495636
-0.9953210949897766
-0.9500856399536133
-0.019644981250166893
-0.976482093334198
-0.5221800804138184
-0.8898225426673889
-0.9749724268913269
-0.9808481931686401
-0.5326349139213562
-0.9932575225830078
-0.9030709266662598
-0.8943154215812683
-0.5763387084007263
-0.9290674924850464
-0.9892135262489319
-0.1604205220937729
-0.9894540309906006
-0.9110990166664124
-0.9909680485725403
-0.8204813599586487
-0.9925017356872559
-0.9654500484466553
-0.9610083103179932
-0.9857845902442932
-0.7068912982940674
-0.986322283744812
-0.9964601397514343
-0.944549024105072
-0.9869884252548218
-0.9983615279197693
-0.7944058775901794
-0.16680437326431274
-0.9713425040245056
-0.9969694018363953
-0.9809548854827881
-0.9922229647636414
-0.997470498085022
-0.9735194444656372
-0.6526194214820862
-0.9878419041633606
-0.9537200927734375
-0.996239185333252
-0.9652709364891052
-0.8498660326004028
-0.9118580222129822
-0.9310951828956604
-0.8934972882270813
-0.8348087072372437
-0.9690535068511963
-0.9955175518989563
-0.7217467427253723
-0.977250874042511
-0.9950607419013977
-0.9915805459022522
-0.8667017817497253
-0.8003398180007935
-0.9072315692901611
-0.8858745098114014
-0.8976603150367737
-0.9431923031806946
-0.8309754133224487
-0.9595560431480408
-0.991943359375
-0.9916969537734985
-0.2404184639453888
-0.7462473511695862
-0.6375322341918945
-0.9961864352226257
-0.9565111994743347
-0.9971057772636414
-0.9972453117370605
-0.089349664747715
-0.9851623177528381
-0.11671432107686996
-0.5138983130455017
-0.9854494333267212
-0.9727025032043457
-0.9961387515068054
-0.9974134564399719
-0.6861147284507751
-0.999066174030304
-0.9918212890625
-0.9708964228630066
-0.9024799466133118
-0.9934653639793396
-0.4241141974925995
-0.9932274222373962
-0.9452190399169922
-0.9639168977737427
-0.9360604882240295
-0.9634606242179871
-0.9890435934066772
-0.8800462484359741
-0.9949941039085388
-0.9966244697570801
-0.47991108894348145
-0.996994137763977
-0.998633086681366
-0.6214660406112671
-0.972740650177002
-0.9025691151618958
-0.9650968313217163
-0.9736493229866028
-0.998437225818634
-0.5905812382698059
-0.9726613759994507
-0.9647641777992249
-0.4671153128147125
-0.9580531716346741
-0.9992311000823975
-0.9053149223327637
-0.9988055229187012
-0.9915581941604614
-0.9994754195213318
-0.9934602975845337
-0.9846686720848083
-0.9823036789894104
-0.9612883925437927
-0.9080023765563965
-0.07933323085308075
-0.9589108824729919
-0.9919102787971497
-0.9788033366203308
-0.27135616540908813
-0.9181094169616699
-0.9887737035751343
-0.7155174612998962
-0.9487541317939758
-0.9511530995368958
-0.8202401399612427
-0.9736364483833313
-0.9941396713256836
-0.9780510663986206
-0.9235274791717529
-0.9564411044120789
-0.9985394477844238
-0.956244945526123
-0.9910137057304382
-0.990982711315155
-0.9734773635864258
-0.9017709493637085
-0.9714184403419495
-0.23631660640239716
-0.9985778331756592
-0.6375176310539246
-0.8695454001426697
-0.9977927207946777
-0.9861114025115967
-0.1087784469127655
-0.9813777804374695
-0.9726789593696594
-0.8398070335388184
-0.9946363568305969
-0.7885910868644714
-0.9884271025657654
-0.99346524477005
-0.9718360304832458
-0.8294416666030884
-0.9771614670753479
-0.988246500492096
-0.9843462109565735
-0.999313235282898
-0.703977108001709
-0.9931057095527649
-0.9283270239830017
-0.975407063961029
-0.9554330706596375
-0.9844321012496948
-0.9828189015388489
-0.9954298734664917
-0.9880527257919312
-0.5387985110282898
-0.9674705266952515
-0.9855232238769531
-0.6979631185531616
-0.8923036456108093
-0.995416522026062
-0.9791883826255798
-0.993948221206665
-0.8465479016304016
-0.17877914011478424
-0.9906152486801147
-0.9819868803024292
-0.9525830149650574
-0.9785892367362976
-0.9989473223686218
-0.9461461305618286
-0.9835935235023499
-0.9936254024505615
-0.9864744544029236
-0.9983580708503723
-0.9905999898910522
-0.9687646627426147
-0.9984145164489746
-0.987757682800293
-0.879706084728241
-0.998752236366272
-0.930263876914978
-0.9480268359184265
-0.6920021176338196
-0.9976983666419983
-0.9978284239768982
-0.749614417552948
-0.34564948081970215
-0.8715550899505615
-0.778354287147522
-0.9545716643333435
-0.9658864736557007
-0.9529151320457458
-0.3801749050617218
-0.9759696125984192
-0.9828979969024658
-0.9926047325134277
-0.924616813659668
-0.9583360552787781
-0.9938960671424866
-0.9985013008117676
-0.8806255459785461
-0.8260985016822815
-0.9843009114265442
-0.9689226746559143
-0.9136572480201721
-0.9945565462112427
-0.926826536655426
-0.9921505451202393
-0.9661625623703003
-0.7104389667510986
-0.9922884106636047
-0.7193015217781067
-0.9928888082504272
-0.32877764105796814
-0.5863330960273743
-0.711087703704834
-0.19259551167488098
-0.9747866988182068
-0.9652486443519592
-0.971131443977356
-0.7031493186950684
-0.9519858360290527
-0.9354813098907471
-0.9942519664764404
-0.9953832030296326
-0.9721900820732117
-0.9822761416435242
-0.3880038559436798
-0.9166687726974487
-0.9969459176063538
-0.9074028134346008
-0.9780797958374023
-0.8998428583145142
-0.9785826206207275
-0.9856426119804382
-0.07020515948534012
-0.965402364730835
-0.9036046862602234
-0.945608377456665
-0.9756848812103271
-0.6363722085952759
-0.9356915950775146
-0.978753924369812
-0.9845688343048096
-0.9735262393951416
-0.6105477213859558
-0.9761887788772583
-0.8400904536247253
-0.9888421297073364
-0.9819360375404358
-0.8126862049102783
-0.26900216937065125
-0.9864587187767029
-0.5013482570648193
-0.9946028590202332
-0.977112889289856
-0.9956228137016296
-0.9892407059669495
-0.9633549451828003
-0.4599321186542511
-0.6906619668006897
-0.9417542219161987
-0.9812371134757996
-0.9352673292160034
-0.999535322189331
-0.9932503700256348
-0.9247484803199768
-0.9761195182800293
-0.988598108291626
-0.42391836643218994
-0.8871747255325317
-0.050522416830062866
-0.7018570303916931
-0.07224073261022568
-0.8101308345794678
-0.9590612649917603
-0.9005222320556641
-0.9071077108383179
-0.7568745613098145
-0.7865915298461914
-0.9914029240608215
-0.9955518841743469
-0.9596529006958008
-0.9756157994270325
-0.9563397765159607
-0.9712074398994446
-0.9891234040260315
-0.9435328245162964
-0.9768934845924377
-0.9978376030921936
-0.9856079816818237
-0.8938184976577759
-0.9450234174728394
-0.9867700338363647
-0.9482345581054688
-0.6105944514274597
-0.9901044964790344
-0.7471921443939209
-0.9982841610908508
-0.2702634632587433
-0.9045454263687134
-0.91629558801651
-0.3022022843360901
-0.9819843173027039
-0.06296946853399277
-0.9178591966629028
-0.534581184387207
-0.9940884113311768
-0.9929290413856506
-0.9829868078231812
-0.9988247752189636
-0.9746424555778503
-0.9879217743873596
-0.8762111663818359
-0.523411214351654
-0.6169108152389526
-0.6544700264930725
-0.9984241724014282
-0.6873579025268555
-0.9526622295379639
-0.9971362352371216
-0.9783489108085632
-0.9982288479804993
-0.9931657910346985
-0.9695978760719299
-0.561528205871582
-0.6169853210449219
-0.7228282690048218
-0.9957295060157776
-0.8403887748718262
-0.9860051274299622
-0.9978094696998596
-0.680861234664917
-0.9466889500617981
-0.39199015498161316
-0.9960176348686218
-0.8380241990089417
-0.9642192125320435
-0.531945526599884
-0.8831760287284851
-0.7883989810943604
-0.9454833269119263
-0.9849854707717896
-0.9788745045661926
-0.9330956339836121
-0.9375300407409668
-0.9493100643157959
-0.9559866786003113
-0.9971948862075806
-0.9841712117195129
-0.9521172642707825
-0.9470112919807434
-0.9938896894454956
-0.970737099647522
-0.6368657946586609
-0.9916086792945862
-0.9889680743217468
-0.9833813905715942
-0.9725663065910339
-0.9922524094581604
-0.716996967792511
-0.9864369034767151
-0.9397950768470764
-0.9887630939483643
-0.16080337762832642
-0.9992194175720215
-0.9485118985176086
-0.9995803236961365
-0.998082160949707
-0.7713859677314758
-0.9425678849220276
-0.9164015650749207
-0.9761877655982971
-0.9862713813781738
-0.9231474995613098
-0.8815244436264038
-0.959151566028595
-0.9064574837684631
-0.9697665572166443
-0.7381135821342468
-0.9281138777732849
-0.9698117971420288
-0.9704421758651733
-0.898767352104187
-0.9604727625846863
-0.8724076747894287
-0.9856927394866943
-0.8210591077804565
-0.9899976849555969
-0.9884729981422424
-0.8853157162666321
-0.8663321137428284
-0.9075091481208801
-0.9933832287788391
-0.9646244645118713
-0.01985742524266243
-0.4535433351993561
-0.7757673859596252
-0.20968568325042725
-0.9640908241271973
-0.6845015287399292
-0.8865466117858887
-0.9831128716468811
-0.9616354703903198
-0.9889111518859863
-0.993536114692688
-0.9319416284561157
-0.6871429085731506
-0.9850702285766602
-0.9747214913368225
-0.9976252913475037
-0.9801151752471924
-0.9771451950073242
-0.9454105496406555
-0.9917057752609253
-0.10266072303056717
-0.9775069952011108
-0.9871816635131836
-0.9606984853744507
-0.9889892935752869
-0.99092698097229
-0.965637743473053
-0.9990561604499817
-0.999640703201294
-0.42937591671943665
-0.9763593077659607
-0.42450979351997375
-0.9982106685638428
-0.9729078412055969
-0.9636521935462952
-0.8331539630889893
-0.9811962842941284
-0.8046471476554871
-0.9918528199195862
-0.996010422706604
-0.886467456817627
-0.9768593907356262
-0.7310929894447327
-0.9723449945449829
-0.963725745677948
-0.2367652952671051
-0.9974843263626099
-0.8290441632270813
-0.9960373640060425
-0.9071694612503052
-0.9285707473754883
-0.9789384603500366
-0.9861257672309875
-0.994023859500885
-0.8688260912895203
-0.986987829208374
-0.016262218356132507
-0.9825475811958313
-0.20768405497074127
-0.641165018081665
-0.9927131533622742
-0.9981511235237122
-0.9552829265594482
-0.9989815354347229
-0.9928387999534607
-0.9988572597503662
-0.9961255192756653
-0.46008870005607605
-0.9567654132843018
-0.9824631214141846
-0.7738454341888428
-0.8928195834159851
-0.9800784587860107
-0.9278483390808105
-0.917840301990509
-0.7242152094841003
-0.8049890995025635
-0.9035080671310425
-0.8992832899093628
-0.9960915446281433
-0.9736924767494202
-0.9961872696876526
-0.9747660756111145
-0.8344348073005676
-0.9859902858734131
-0.9095513224601746
-0.769451379776001
-0.9991607666015625
-0.99348384141922
-0.9864400029182434
-0.9949800372123718
-0.9820647835731506
-0.9881994724273682
-0.7712865471839905
-0.9659138321876526
-0.9817596673965454
-0.9929519295692444
-0.9496341943740845
-0.8513591885566711
-0.9820123910903931
-0.995970606803894
-0.9724752902984619
-0.9983242154121399
-0.9894475936889648
-0.991951584815979
-0.9581515192985535
-0.9813777804374695
-0.9642528295516968
-0.943782389163971
-0.9736610651016235
-0.9071218967437744
-0.9894792437553406
-0.8177446722984314
-0.9325025081634521
-0.974683403968811
-0.8647902607917786
-0.9987558126449585
-0.9907898902893066
-0.9756552577018738
-0.9970882534980774
-0.93609619140625
-0.9798257946968079
-0.968360424041748
-0.9894767999649048
-0.993411123752594
-0.9994614720344543
-0.4119866192340851
-0.8636689186096191
-0.9633095860481262
-0.9543089866638184
-0.9367532134056091
-0.9887080192565918
-0.9464397430419922
-0.7638200521469116
-0.7666458487510681
-0.6358799338340759
-0.9889187216758728
-0.6051658391952515
-0.9699335694313049
-0.9575916528701782
-0.6834022998809814
-0.21895764768123627
-0.9965985417366028
-0.9755969643592834
-0.9940000772476196
-0.9209129214286804
-0.9508757591247559
-0.938827633857727
-0.5348600149154663
-0.7475504875183105
-0.956961989402771
-0.42761534452438354
-0.037566229701042175
-0.9734641313552856
-0.8781243562698364
-0.977031409740448
-0.7413762211799622
-0.9956967830657959
-0.9129498600959778
-0.7821727395057678
-0.9950990080833435
-0.5145527720451355
-0.5065059661865234
-0.9844661951065063
-0.9899249076843262
-0.8425353765487671
-0.9365074038505554
-0.6592721343040466
-0.8857341408729553
-0.9875085949897766
-0.8665137887001038
-0.8291243314743042
-0.923164963722229
-0.9686972498893738
-0.9875583648681641
-0.9841235280036926
-0.9986326098442078
-0.9992109537124634
-0.0943412110209465
-0.9324396848678589
-0.49748867750167847
-0.9719228744506836
-0.9455494284629822
-0.9966964721679688
-0.9666140079498291
-0.9968106150627136
-0.617677628993988
-0.9955660700798035
-0.6065710186958313
-0.4187239110469818
-0.686306357383728
-0.9910983443260193
-0.9747401475906372
-0.9980868101119995
-0.5995652079582214
-0.6043810248374939
-0.8967769145965576
-0.9926885962486267
-0.9775444269180298
-0.9745038151741028
-0.9983581900596619
-0.9226934909820557
-0.541839063167572
-0.980924129486084
-0.9622030258178711
-0.7752866744995117
-0.38249120116233826
-0.9570983648300171
-0.9456181526184082
-0.4305812418460846
-0.7728270292282104
-0.9461206793785095
-0.9996128678321838
-0.9915688633918762
-0.82559734582901
-0.8310025930404663
-0.9987356066703796
-0.9686510562896729
-0.9344437718391418
-0.9402167201042175
-0.32325926423072815
-0.09161046892404556
-0.9306011199951172
-0.8698458671569824
-0.827093243598938
-0.8140565752983093
-0.9912703037261963
-0.7284762859344482
-0.7181543707847595
-0.9438816905021667
-0.02226611040532589
-0.9444543123245239
-0.9170400500297546
-0.07481366395950317
-0.7446871399879456
-0.9256442785263062
-0.7776551246643066
-0.3552570044994354
-0.973753035068512
-0.9917568564414978
-0.9060094952583313
-0.9937548637390137
-0.6993862390518188
-0.20486430823802948
-0.0320187471807003
-0.9802039265632629
-0.9997374415397644
-0.9944990873336792
-0.9436891674995422
-0.955520510673523
-0.6095810532569885
-0.9894343018531799
-0.8683841228485107
-0.9942387342453003
-0.010787833482027054
-0.9906083345413208
-0.7663624286651611
-0.44925937056541443
-0.8305246829986572
-0.9788116812705994
-0.9790219664573669
-0.35622310638427734
-0.9935808181762695
-0.9628614783287048
-0.979911744594574
-0.9851090908050537
-0.9369803667068481
-0.9982982277870178
-0.9430751204490662
-0.8373413681983948
-0.9720998406410217
-0.9817401170730591
-0.99370276927948
-0.9794712662696838
-0.9014748334884644
-0.9102666974067688
-0.9747014045715332
-0.09148470312356949
-0.9958167672157288
-0.9266937375068665
-0.9969674944877625
-0.9385182857513428
-0.9885022640228271
-0.9649342894554138
-0.9980658888816833
-0.975281298160553
-0.21263690292835236
-0.9751233458518982
-0.9535496234893799
-0.9792284965515137
-0.9760531783103943
-0.8879452347755432
-0.18837778270244598
-0.9853750467300415
-0.9945873022079468
-0.9768643975257874
-0.9760677218437195
-0.7924367785453796
-0.9968451261520386
-0.9060872197151184
-0.9918609261512756
-0.9537169337272644
-0.9772630333900452
-0.8159710764884949
-0.9954397082328796
-0.0892786830663681
-0.9979110360145569
-0.9284305572509766
-0.9151325225830078
-0.9083216786384583
-0.9957873225212097
-0.935164213180542
-0.9964478015899658
-0.9745166301727295
-0.9834955334663391
-0.9451141357421875
-0.6301590204238892
-0.6051844358444214
-0.9809997081756592
-0.9763780832290649
-0.9780585765838623
-0.7651501893997192
-0.8726067543029785
-0.9258245229721069
-0.9945835471153259
-0.9995442032814026
-0.9646511077880859
-0.9408681392669678
-0.9977076053619385
-0.9897623658180237
-0.9742888808250427
-0.6794143319129944
-0.9362541437149048
-0.7859945893287659
-0.9501745104789734
-0.9897873401641846
-0.6423920392990112
-0.9744955897331238
-0.5129623413085938
-0.5098869800567627
-0.9558585286140442
-0.9789140224456787
-0.8247538805007935
-0.48772966861724854
-0.4730693995952606
-0.7520434856414795
-0.7809011936187744
-0.9631235599517822
-0.9421505331993103
-0.9154348969459534
-0.9951789379119873
-0.9750081300735474
-0.7856580018997192
-0.9577300548553467
-0.039384935051202774
-0.9429900050163269
-0.9549582004547119
-0.7908908724784851
-0.9960755705833435
-0.9465169906616211
-0.7286412715911865
-0.969980776309967
-0.9964125752449036
-0.8999509215354919
-0.8988109230995178
-0.729792594909668
-0.8776504993438721
-0.923383355140686
-0.8352670669555664
-0.9867271780967712
-0.15138362348079681
-0.9985305070877075
-0.7330381274223328
-0.9989804625511169
-0.9963529109954834
-0.9481721520423889
-0.9712386727333069
-0.9330204725265503
-0.967121422290802
-0.9987939596176147
-0.9962402582168579
-0.9744893312454224
-0.9949643611907959
-0.9976242184638977
-0.9931941032409668
-0.9568029046058655
-0.9650730490684509
-0.9606229066848755
-0.9102463126182556
-0.9837427735328674
-0.7611807584762573
-0.9872573018074036
-0.9549434185028076
-0.9987928867340088
-0.9983525276184082
-0.5475889444351196
-0.9952729344367981
-0.9099482297897339
-0.9891997575759888
-0.5901147723197937
-0.9978554844856262
-0.9388065338134766
-0.9839171171188354
-0.5950267910957336
-0.9343296885490417
-0.8800958395004272
-0.9965158700942993
-0.7881112694740295
-0.9869306087493896
-0.8892106413841248
-0.9676591157913208
-0.9406634569168091
-0.5901426672935486
-0.9997534155845642
-0.9966410398483276
-0.8482210636138916
-0.9860868453979492
-0.9988787770271301
-0.9420018196105957
-0.6907120943069458
-0.994841992855072
-0.7947148680686951
-0.9472270607948303
-0.9947356581687927
-0.9986985921859741
-0.9721056818962097
-0.9901269674301147
-0.06916210800409317
-0.9914990067481995
-0.5739706158638
-0.9262443780899048
-0.6901854872703552
-0.86543208360672
-0.998002827167511
-0.7991409301757812
-0.9430198669433594
-0.04058942571282387
-0.982830286026001
-0.6242460012435913
-0.8317244648933411
-0.9948016405105591
-0.8055241703987122
-0.8369705080986023
-0.9817692041397095
-0.9842556118965149
-0.9487011432647705
-0.7822855710983276
-0.9925211071968079
-0.9442571997642517
-0.41597673296928406
-0.9798474311828613
-0.43520665168762207
-0.6545175313949585
-0.8980941772460938
-0.9961470365524292
-0.9979221224784851
-0.25797978043556213
-0.9948278069496155
-0.9955205917358398
-0.8514620065689087
-0.8650332689285278
-0.9957834482192993
-0.9576135873794556
-0.9138475656509399
-0.9862322211265564
-0.9702780842781067
-0.9138391017913818
-0.8725696206092834
-0.9359583258628845
-0.705763578414917
-0.5327070355415344
-0.9688956141471863
-0.7991101145744324
-0.9973551034927368
-0.801446795463562
-0.9673643112182617
-0.9967266321182251
-0.9029757976531982
-0.9956710338592529
-0.9959618449211121
-0.9960527420043945
-0.9701400399208069
-0.935092031955719
-0.9987725615501404
-0.9954872727394104
-0.9760074019432068
-0.9443743228912354
-0.9953302145004272
-0.9924271106719971
-0.9955481290817261
-0.9643625617027283
-0.9815185070037842
-0.7682384848594666
-0.9410285353660583
-0.9447653889656067
-0.9962031245231628
-0.9376421570777893
-0.9782774448394775
-0.9849397540092468
-0.9936531782150269
-0.7084375023841858
-0.9876365065574646
-0.9774560332298279
-0.9833789467811584
-0.8569923639297485
-0.9860905408859253
-0.45997223258018494
-0.9958882927894592
-0.9955123066902161
-0.9998165965080261
-0.9166532158851624
-0.9808201789855957
-0.14991870522499084
-0.9763423204421997
-0.8159329891204834
-0.6168118715286255
-0.9472363591194153
-0.7168112397193909
-0.7710781097412109
-0.9963733553886414
-0.9913210272789001
-0.768089234828949
-0.8432934284210205
-0.9188191890716553
-0.9538547396659851
-0.9864237904548645
-0.9117237329483032
-0.2010064423084259
-0.9943112134933472
-0.9224357008934021
-0.9410136938095093
-0.8208443522453308
-0.9634618759155273
-0.9972654581069946
-0.9283871054649353
-0.9928542971611023
-0.4290999472141266
-0.18255022168159485
-0.7970988154411316
-0.9502763152122498
-0.9288522005081177
-0.9896419644355774
-0.9901177287101746
-0.9913685917854309
-0.9897921085357666
-0.15779542922973633
-0.9992861151695251
-0.9888060092926025
-0.8727788925170898
-0.2858422100543976
-0.8975058197975159
-0.9831938743591309
-0.5939401984214783
-0.9929539561271667
-0.9682105183601379
-0.983198344707489
-0.8046600222587585
-0.9957327246665955
-0.5305637121200562
-0.9680770039558411
-0.9907650947570801
-0.994131863117218
-0.8302245736122131
-0.04178445413708687
-0.9513869285583496
-0.09598408639431
-0.9535240530967712
-0.9980812072753906
-0.9958642721176147
-0.004742111079394817
-0.9752829074859619
-0.9665573239326477
-0.9851020574569702
-0.9654944539070129
-0.8769339323043823
-0.7098900675773621
-0.9891942739486694
-0.9917343854904175
-0.7261176109313965
-0.7096893787384033
-0.9824907183647156
-0.9831143617630005
-0.9878129363059998
-0.4680003225803375
-0.9623283743858337
-0.9789291024208069
-0.9745919108390808
-0.8599740266799927
-0.8374172449111938
-0.981300950050354
-0.4625737965106964
-0.9403749108314514
-0.9610161185264587
-0.9909157156944275
-0.9983019828796387
-0.9946824908256531
-0.696545422077179
-0.991436779499054
-0.8476259112358093
-0.9491637945175171
-0.996034562587738
-0.9945630431175232
-0.9719721078872681
-0.889858603477478
-0.8152876496315002
-0.9952577948570251
-0.9989456534385681
-0.6607053279876709
-0.8554355502128601
-0.9904056191444397
-0.970775306224823
-0.9977760910987854
-0.9869697093963623
-0.9927992820739746
-0.9943143725395203
-0.8395410180091858
-0.9984070658683777
-0.9212459921836853
-0.9947507977485657
-0.9272050857543945
-0.9243372082710266
-0.1906982809305191
-0.9940523505210876
-0.9322185516357422
-0.9673799276351929
-0.3320349156856537
-0.9794289469718933
-0.9870115518569946
-0.9852140545845032
-0.9400842785835266
-0.9765982627868652
-0.9710466861724854
-0.9959694147109985
-0.8555213809013367
-0.9725481271743774
-0.8134269118309021
-0.9852951765060425
-0.9625669121742249
-0.9571527242660522
-0.9782966375350952
-0.032751455903053284
-0.8839762806892395
-0.9947357773780823
-0.9027984142303467
-0.9350130558013916
-0.9641967415809631
-0.9323031306266785
-0.03984251990914345
-0.8045631051063538
-0.8813034892082214
-0.9908183217048645
-0.9579786658287048
-0.3797203302383423
-0.020535819232463837
-0.9095142483711243
-0.9774302244186401
-0.9629328846931458
-0.7140623331069946
-0.7756946086883545
-0.991796612739563
-0.49124234914779663
-0.9881205558776855
-0.966937780380249
-0.9758808016777039
-0.48554039001464844
-0.4674661457538605
-0.9997631907463074
-0.9939715266227722
-0.9943422079086304
-0.7504745125770569
-0.9975183010101318
-0.8409450054168701
-0.9865582585334778
-0.7001312375068665
-0.8532376885414124
-0.9948717951774597
-0.9907065033912659
-0.9793478846549988
-0.8949042558670044
-0.4898633062839508
-0.9764115214347839
-0.9820646643638611
-0.6494476199150085
-0.9557337760925293
-0.9535613656044006
-0.9836681485176086
-0.9812281727790833
-0.9770557880401611
-0.9831603169441223
-0.9864085912704468
-0.9936487078666687
-0.9993619322776794
-0.9074920415878296
-0.8185728788375854
-0.9820635318756104
-0.9545362591743469
-0.7984133362770081
-0.9529062509536743
-0.9401350617408752
