-0.9980369210243225
-0.9712555408477783
-0.9304839968681335
-0.9029421806335449
-0.9998942613601685
-0.9993809461593628
-0.9644859433174133
-0.9964368343353271
-0.6967788934707642
-0.9995009899139404
-0.9834123849868774
-0.9329274892807007
-0.9923273921012878
-0.996330201625824
-0.9968019723892212
-0.9981797933578491
-0.9999105930328369
-0.8727481365203857
-0.9960804581642151
-0.9787083268165588
-0.9267370700836182
-0.997111439704895
-0.9992814660072327
-0.9190022945404053
-0.909259557723999
-0.29281190037727356
-0.9978721141815186
-0.9945980310440063
-0.8248941898345947
-0.8975367546081543
-0.41459667682647705
-0.9927706122398376
-0.9416359663009644
-0.9939781427383423
-0.9801996946334839
-0.9570805430412292
-0.9901873469352722
-0.9339137077331543
-0.9014433026313782
-0.9855888485908508
-0.9963094592094421
-0.999214768409729
-0.9790353775024414
-0.9026938676834106
-0.7001453638076782
-0.9982775449752808
-0.9374015927314758
-0.9972924590110779
-0.9991337656974792
-0.5277677178382874
-0.962514340877533
-0.9994675517082214
-0.9988341927528381
-0.9796696901321411
-0.9517515897750854
-0.9917207956314087
-0.9314550757408142
-0.9406585097312927
-0.9996969699859619
-0.9997076392173767
-0.9861536026000977
-0.9992051720619202
-0.9965775609016418
-0.968745231628418
-0.8569856882095337
-0.9980792999267578
-0.9988611936569214
-0.24869631230831146
-0.9942448735237122
-0.9205717444419861
-0.9801628589630127
-0.986834704875946
-0.9881656169891357
-0.9830053448677063
-0.9993788003921509
-0.9822967648506165
-0.9631018042564392
-0.9719910025596619
-0.9995635151863098
-0.981369137763977
-0.9866198301315308
-0.7400388717651367
-0.9984340071678162
-0.9980970025062561
-0.995799720287323
-0.9367874264717102
-0.9973183274269104
-0.9934231638908386
-0.9994001388549805
-0.9742952585220337
-0.9802676439285278
-0.8698956966400146
-0.9978577494621277
-0.9998806715011597
-0.7782294154167175
-0.9906711578369141
-0.9941245913505554
-0.9955525994300842
-0.9968210458755493
-0.8339141011238098
-0.9992245435714722
-0.9213863611221313
-0.8315978646278381
-0.8701139688491821
-0.9913731217384338
-0.9854233264923096
-0.919320285320282
-0.9302836656570435
-0.9970991611480713
-0.9886292219161987
-0.9507925510406494
-0.9850115776062012
-0.9487407207489014
-0.9768640398979187
-0.9235112071037292
-0.73740553855896
-0.9405428767204285
-0.9782359600067139
-0.7323548197746277
-0.9966487288475037
-0.996859073638916
-0.9961345195770264
-0.9987221360206604
-0.9242578744888306
-0.9986271858215332
-0.9791064262390137
-0.9742645621299744
-0.9709996581077576
-0.7772003412246704
-0.8528891801834106
-0.9986201524734497
-0.9806786179542542
-0.995854377746582
-0.9801819920539856
-0.9966152310371399
-0.823142409324646
-0.9910836219787598
-0.9960945248603821
-0.9943575263023376
-0.9820781350135803
-0.9899623990058899
-0.9950578212738037
-0.87770015001297
-0.951012134552002
-0.9804707765579224
-0.952992856502533
-0.9809820652008057
-0.9746025800704956
-0.8405223488807678
-0.7820730209350586
-0.9475646615028381
-0.8393241167068481
-0.9919642210006714
-0.9188143610954285
-0.9688119292259216
-0.860997200012207
-0.9989946484565735
-0.9915784597396851
-0.997389018535614
-0.9927928447723389
-0.9996418952941895
-0.9727556705474854
-0.6847490072250366
-0.9756169319152832
-0.9169517159461975
-0.9938418865203857
-0.870901882648468
-0.9932070374488831
-0.9960250854492188
-0.8744360208511353
-0.998873770236969
-0.9933680891990662
-0.984919548034668
-0.9970083832740784
-0.9878899455070496
-0.4859860837459564
-0.9881401062011719
-0.8744662404060364
-0.9966022968292236
-0.9888086915016174
-0.9962822794914246
-0.9665056467056274
-0.9853044152259827
-0.9774534106254578
-0.9850955605506897
-0.9656881093978882
-0.9825004935264587
-0.9630817770957947
-0.996656060218811
-0.9840323328971863
-0.9951183795928955
-0.9921712875366211
-0.9988499879837036
-0.9533458352088928
-0.9385863542556763
-0.9994789958000183
-0.9206002354621887
-0.576647937297821
-0.6621306538581848
-0.810614287853241
-0.98186856508255
-0.8945940732955933
-0.9814451336860657
-0.9913954138755798
-0.9923829436302185
-0.9797772765159607
-0.9971978664398193
-0.9958423972129822
-0.9786080718040466
-0.8700414299964905
-0.9779452681541443
-0.966038167476654
-0.6917582750320435
-0.9994623064994812
-0.9971258044242859
-0.9741132259368896
-0.9950717091560364
-0.9876481294631958
-0.993037760257721
-0.999602735042572
-0.9924253225326538
-0.7962488532066345
-0.962285041809082
-0.7534791231155396
-0.9904148578643799
-0.9686181545257568
-0.9415214657783508
-0.9889497756958008
-0.07975242286920547
-0.9988829493522644
-0.9884422421455383
-0.8129903078079224
-0.9975005984306335
-0.9966334700584412
-0.5553373098373413
-0.9942008256912231
-0.9881854057312012
-0.9001488089561462
-0.9925133585929871
-0.9612672328948975
-0.9452388286590576
-0.9886555671691895
-0.34541696310043335
-0.9986149072647095
-0.9985408782958984
-0.8680000901222229
-0.82835453748703
-0.9987574815750122
-0.998837411403656
-0.9887049794197083
-0.9804470539093018
-0.9994760155677795
-0.9361733198165894
-0.991784930229187
-0.9112467765808105
-0.913118839263916
-0.9444483518600464
-0.9564988613128662
-0.697006106376648
-0.9941707253456116
-0.9971498847007751
-0.4079282879829407
-0.9995216131210327
-0.7521426677703857
-0.9965954422950745
-0.4507712423801422
-0.9976352453231812
-0.9351233243942261
-0.9926861524581909
-0.9993557333946228
-0.9917164444923401
-0.9502800703048706
-0.9926822781562805
-0.9981673955917358
-0.0530586764216423
-0.9696083068847656
-0.994594156742096
-0.9706631898880005
-0.9298493266105652
-0.9739804267883301
-0.9974334836006165
-0.6126586198806763
-0.9962617754936218
-0.8045527338981628
-0.9969582557678223
-0.99955815076828
-0.9452810287475586
-0.5790847539901733
-0.9959789514541626
-0.9722200036048889
-0.9814699292182922
-0.9959717392921448
-0.9990764856338501
-0.8792202472686768
-0.9970093369483948
-0.4104735553264618
-0.978358268737793
-0.9973416924476624
-0.7808943390846252
-0.9382302761077881
-0.8926917910575867
-0.8287216424942017
-0.9914748668670654
-0.9313802719116211
-0.9730132222175598
-0.9585363864898682
-0.9785162210464478
-0.8590824007987976
-0.9935318231582642
-0.9991969466209412
-0.9976287484169006
-0.9668452143669128
-0.9879934787750244
-0.9950267672538757
-0.9546911716461182
-0.9945646524429321
-0.9674554467201233
-0.9719666838645935
-0.9913459420204163
-0.9933409094810486
-0.9997759461402893
-0.9829034209251404
-0.9875010251998901
-0.8848943114280701
-0.9578937292098999
-0.9947673082351685
-0.833319365978241
-0.9877464771270752
-0.9992300271987915
-0.9570894837379456
-0.9870856404304504
-0.8034456968307495
-0.9787084460258484
-0.9924653768539429
-0.9922711849212646
-0.9807569980621338
-0.9774625301361084
-0.9859902858734131
-0.9330480098724365
-0.1642797589302063
-0.996605634689331
-0.8872761130332947
-0.9985450506210327
-0.8311528563499451
-0.9898912906646729
-0.9918298125267029
-0.34830594062805176
-0.9938192963600159
-0.9944981932640076
-0.9656808972358704
-0.9890609979629517
-0.9404129981994629
-0.605964183807373
-0.921619176864624
-0.9703211784362793
-0.9934951663017273
-0.9714156985282898
-0.9840536713600159
-0.9988638162612915
-0.9808961153030396
-0.9989491105079651
-0.9549266695976257
-0.9995754361152649
-0.9911780953407288
-0.13166338205337524
-0.8161431550979614
-0.5258726477622986
-0.8130074739456177
-0.9939151406288147
-0.9826498031616211
-0.9992879033088684
-0.9007778167724609
-0.9832658767700195
-0.9685705304145813
-0.9851322770118713
-0.9978871941566467
-0.9963135123252869
-0.9856410622596741
-0.992267906665802
-0.9939178228378296
-0.9768595099449158
-0.9727056622505188
-0.9906858801841736
-0.9632627367973328
-0.9626487493515015
-0.9884976148605347
-0.917309582233429
-0.9593400955200195
-0.9884093999862671
-0.9974552989006042
-0.9990548491477966
-0.9886565208435059
-0.7854809761047363
-0.999599039554596
-0.8559174537658691
-0.9941097497940063
-0.9917888045310974
-0.8957464098930359
-0.9883486032485962
-0.9428520798683167
-0.9936662316322327
-0.9990924596786499
-0.9823437929153442
-0.999142050743103
-0.9744828939437866
-0.9956692457199097
-0.8504403829574585
-0.9954763054847717
-0.8291195631027222
-0.9978622794151306
-0.9932355284690857
-0.992141604423523
-0.9545667171478271
-0.8774025440216064
-0.9603258967399597
-0.9994412064552307
-0.8894107341766357
-0.9811567068099976
-0.9960858821868896
-0.9992363452911377
-0.6488097310066223
-0.9262612462043762
-0.9937501549720764
-0.8724285364151001
-0.9884401559829712
-0.9960242509841919
-0.7544370889663696
-0.99720299243927
-0.9835558533668518
-0.9995655417442322
-0.9896420836448669
-0.96683269739151
-0.9167622327804565
-0.8881002068519592
-0.9832150340080261
-0.9960020184516907
-0.9910750389099121
-0.9246852993965149
-0.8680806756019592
-0.9969624876976013
-0.9879344701766968
-0.67158442735672
-0.9569810628890991
-0.99506676197052
-0.8699344992637634
-0.9830668568611145
-0.99641352891922
-0.994560182094574
-0.9992892742156982
-0.9966689944267273
-0.9967536330223083
-0.9959854483604431
-0.9984148740768433
-0.9991587400436401
-0.9871082901954651
-0.9610180258750916
-0.9987040758132935
-0.9909261465072632
-0.9954564571380615
-0.8127711415290833
-0.9918296933174133
-0.9750084280967712
-0.9992998838424683
-0.9593450427055359
-0.834202766418457
-0.9245073199272156
-0.9995498061180115
-0.9844654202461243
-0.9713664650917053
-0.9986743927001953
-0.9999346733093262
-0.9181879162788391
-0.9831361174583435
-0.988731324672699
-0.9999794960021973
-0.9827591180801392
-0.9905884265899658
-0.9844595193862915
-0.9977643489837646
-0.5894303917884827
-0.7858031988143921
-0.9991819262504578
-0.9806690812110901
-0.9799701571464539
-0.9382675290107727
-0.9357214570045471
-0.7836877703666687
-0.9895937442779541
-0.9739853143692017
-0.919827938079834
-0.9563612341880798
-0.9941694736480713
-0.939989447593689
-0.9956846237182617
-0.09499910473823547
-0.9684468507766724
-0.9917477369308472
-0.9397250413894653
-0.9953182339668274
-0.99619460105896
-0.9990793466567993
-0.9769555330276489
-0.750792384147644
-0.7919721007347107
-0.9394169449806213
-0.9577955603599548
-0.9698809385299683
-0.9946756362915039
-0.866815447807312
-0.9207467436790466
-0.9521947503089905
-0.984998881816864
-0.9756415486335754
-0.825757622718811
-0.9838266968727112
-0.9761196374893188
-0.9987686276435852
-0.9453639984130859
-0.9042530059814453
-0.9985161423683167
-0.9979996085166931
-0.9985369443893433
-0.9320350289344788
-0.7962473034858704
-0.9888650178909302
-0.9954730868339539
-0.9984188079833984
-0.9865514039993286
-0.9851182699203491
-0.8509733080863953
-0.9855316877365112
-0.9966964721679688
-0.9641022086143494
-0.7839426398277283
-0.9853809475898743
-0.9945477843284607
-0.992298424243927
-0.6288580298423767
-0.9997848868370056
-0.9769930839538574
-0.9967470169067383
-0.9912029504776001
-0.9978320002555847
-0.975874662399292
-0.8583033680915833
-0.999134361743927
-0.9662343263626099
-0.9129414558410645
-0.9809362888336182
-0.9966894388198853
-0.982835590839386
-0.3144221007823944
-0.9848265647888184
-0.9356617331504822
-0.12469786405563354
-0.9957915544509888
-0.9649306535720825
-0.8092345595359802
-0.9639543890953064
-0.995915949344635
-0.9983572363853455
-0.9749084115028381
-0.9900045990943909
-0.9968506693840027
-0.9952930808067322
-0.9993718266487122
-0.9983880519866943
-0.9427106380462646
-0.9686055183410645
-0.9599923491477966
-0.98031085729599
-0.9835816621780396
-0.9726821184158325
-0.9938382506370544
-0.9959542751312256
-0.9959461092948914
-0.8773535490036011
-0.9738136529922485
-0.9027591943740845
-0.9758021235466003
-0.9947068095207214
-0.9723687767982483
-0.9982136487960815
-0.9973660111427307
-0.9988744854927063
-0.9719417691230774
-0.9285305738449097
-0.8864483833312988
-0.9743098616600037
-0.9926935434341431
-0.9635828137397766
-0.49201512336730957
-0.9997856020927429
-0.9994381070137024
-0.9782468676567078
-0.9974204301834106
-0.9671941995620728
-0.7709799408912659
-0.9988424181938171
-0.8767749071121216
-0.9852986335754395
-0.9904719591140747
-0.9962499737739563
-0.980613112449646
-0.9958630800247192
-0.9829375147819519
-0.9801071882247925
-0.9855939745903015
-0.9864984750747681
-0.9792513847351074
-0.9775549173355103
-0.9928142428398132
-0.9568992853164673
-0.9997169375419617
-0.9981288313865662
-0.9599224925041199
-0.9604030847549438
-0.8930289149284363
-0.849254310131073
-0.9535120129585266
-0.9633144736289978
-0.9952936768531799
-0.9959306120872498
-0.9757828712463379
-0.9981241822242737
-0.9999321699142456
-0.939246416091919
-0.999862551689148
-0.9698178172111511
-0.9866639375686646
-0.9884403944015503
-0.9936389327049255
-0.9870816469192505
-0.9565925598144531
-0.8633638620376587
-0.9992576241493225
-0.5710575580596924
-0.9800812005996704
-0.9821584224700928
-0.9521790742874146
-0.9974199533462524
-0.8462497591972351
-0.9854162335395813
-0.9460827112197876
-0.994239330291748
-0.6820442080497742
-0.9546263217926025
-0.8981782793998718
-0.9878959655761719
-0.8986890316009521
-0.9972497820854187
-0.9640682935714722
-0.9998780488967896
-0.9738540053367615
-0.9950582981109619
-0.9934980869293213
-0.9986557960510254
-0.9947320222854614
-0.9978649020195007
-0.994944155216217
-0.9997220635414124
-0.989270031452179
-0.9802163243293762
-0.8868066072463989
-0.9810016751289368
-0.9679760336875916
-0.9942960143089294
-0.9225218892097473
-0.9611761569976807
-0.9954000115394592
-0.9931596517562866
-0.9530123472213745
-0.9994845390319824
-0.9786229133605957
-0.9730191230773926
-0.2114786058664322
-0.9951820969581604
-0.9578519463539124
-0.9979641437530518
-0.9963979721069336
-0.9994137287139893
-0.9957988858222961
-0.9893745183944702
-0.998954176902771
-0.9254359602928162
-0.9633882641792297
-0.9619005918502808
-0.9536965489387512
-0.9852696061134338
-0.8012073636054993
-0.6786543726921082
-0.9550440907478333
-0.9838429689407349
-0.9906277656555176
-0.9850504398345947
-0.999213695526123
-0.9528248310089111
-0.9956543445587158
-0.9906076192855835
-0.9695258140563965
-0.9599824547767639
-0.9407610297203064
-0.9909880757331848
-0.9781226515769958
-0.5797461271286011
-0.9885070323944092
-0.9787582159042358
-0.99224853515625
-0.1624995321035385
-0.9988816380500793
-0.9155097603797913
-0.9985051155090332
-0.6148251891136169
-0.8908669352531433
-0.9991843104362488
-0.970542311668396
-0.9999903440475464
-0.9912869334220886
-0.13476859033107758
-0.998604953289032
-0.9860389232635498
-0.9325841069221497
-0.9992951154708862
-0.9913525581359863
-0.5576616525650024
-0.6989174485206604
-0.9654442667961121
-0.9444887638092041
-0.998140811920166
-0.9079036116600037
-0.9995018243789673
-0.9976752400398254
-0.7611254453659058
-0.9986567497253418
-0.9413624405860901
-0.934015691280365
-0.9824636578559875
-0.9583452939987183
-0.9970008730888367
-0.7889619469642639
-0.5202787518501282
-0.9966533780097961
-0.8421602845191956
-0.9620876908302307
-0.9818857312202454
-0.5212576985359192
-0.9477394819259644
-0.9972079396247864
-0.9775272607803345
-0.9120032787322998
-0.9092425107955933
-0.9984549283981323
-0.9522812962532043
-0.9381953477859497
-0.642987847328186
-0.9989590644836426
-0.9264177680015564
-0.9996503591537476
-0.9854471683502197
-0.9820059537887573
-0.9933736324310303
-0.9912137389183044
-0.9869137406349182
-0.8152495622634888
-0.9894928932189941
-0.984264612197876
-0.9481279850006104
-0.9245362877845764
-0.27949056029319763
-0.6828868985176086
-0.968380331993103
-0.991193950176239
-0.9777911305427551
-0.8665784001350403
-0.9741316437721252
-0.9990196228027344
-0.10025300830602646
-0.9741384387016296
-0.9962150454521179
-0.9394460916519165
-0.9758087396621704
-0.999054491519928
-0.9969033598899841
-0.94146728515625
-0.995218813419342
-0.9921985268592834
-0.9127878546714783
-0.967783510684967
-0.9981607794761658
-0.9986043572425842
-0.8043996095657349
-0.9977732300758362
-0.9993140697479248
-0.9556308388710022
-0.9353100657463074
-0.953065812587738
-0.9991399049758911
-0.9841396808624268
-0.9837042689323425
-0.9577649235725403
-0.9926203489303589
-0.9961220622062683
-0.997766375541687
-0.9940914511680603
-0.9913672804832458
-0.9604905843734741
-0.9854522347450256
-0.61885666847229
-0.8595004081726074
-0.9771797060966492
-0.7171515822410583
-0.998426079750061
-0.9637622833251953
-0.9328952431678772
-0.9991907477378845
-0.9653449058532715
-0.9950834512710571
-0.9563388824462891
-0.9998626708984375
-0.9959732890129089
-0.9935755133628845
-0.9955522418022156
-0.9894662499427795
-0.9309437870979309
-0.9967407584190369
-0.9997636675834656
-0.999813973903656
-0.9114874601364136
-0.9918953776359558
-0.8843522071838379
-0.9957885146141052
-0.6675353050231934
-0.9806424975395203
-0.9190359115600586
-0.9971488118171692
-0.9938257932662964
-0.9952300786972046
-0.6765233278274536
-0.8490347862243652
-0.9997491240501404
-0.9991119503974915
-0.891148030757904
-0.9977776408195496
-0.9245027899742126
-0.9659736752510071
-0.9059503078460693
-0.9956045150756836
-0.40648597478866577
-0.9912886619567871
-0.8864749670028687
-0.9992221593856812
-0.9865571856498718
-0.14738646149635315
-0.9407284259796143
-0.945749819278717
-0.9565969109535217
-0.9419863820075989
-0.9942896366119385
-0.9969688057899475
-0.960156261920929
-0.8323119878768921
-0.9974562525749207
-0.9827463626861572
-0.9999768733978271
-0.9899359345436096
-0.9986264705657959
-0.38960862159729004
-0.9866677522659302
-0.9457419514656067
-0.9989715814590454
-0.9856331944465637
-0.9738807082176208
-0.9459978938102722
-0.981532633304596
-0.9911823272705078
-0.8674584627151489
-0.6929872632026672
-0.8935149908065796
-0.9857593774795532
-0.9798337817192078
-0.8333746194839478
-0.9982377290725708
-0.9938090443611145
-0.9952724575996399
-0.9861086010932922
-0.9845575094223022
-0.8990868330001831
-0.9771807193756104
-0.990429699420929
-0.31154438853263855
-0.767898678779602
-0.9966332316398621
-0.9921435117721558
-0.9974431991577148
-0.9975685477256775
-0.9964119791984558
-0.8899436593055725
-0.9967729449272156
-0.9869181513786316
-0.9968043565750122
-0.9966096878051758
-0.9637402296066284
-0.9667164087295532
-0.9998573064804077
-0.96502286195755
-0.7664279937744141
-0.9977999329566956
-0.9799491763114929
-0.9948952794075012
-0.9999380111694336
-0.9551098942756653
-0.9877967238426208
-0.9863491058349609
-0.9663210511207581
-0.9058924913406372
-0.9994997978210449
-0.9996792078018188
-0.9479267001152039
-0.9998345375061035
-0.9903665781021118
-0.9976465106010437
-0.9935636520385742
-0.980323076248169
-0.9999011754989624
-0.9917016625404358
-0.7845597863197327
-0.7377426624298096
-0.99978107213974
-0.9997958540916443
-0.946574330329895
-0.8718747496604919
-0.9633196592330933
-0.9291041493415833
-0.9550802111625671
-0.5628747344017029
-0.7839478850364685
-0.991712212562561
-0.99662184715271
-0.9745555520057678
-0.9412969946861267
-0.9778702259063721
-0.9624276757240295
-0.9859238862991333
-0.9997486472129822
-0.7600319385528564
-0.8514529466629028
-0.9971055388450623
-0.7042364478111267
-0.9969714879989624
-0.9747083187103271
-0.9874964952468872
-0.9942466616630554
-0.998521625995636
-0.9311932921409607
-0.9776462912559509
-0.9832391738891602
-0.9646074175834656
-0.785635769367218
-0.9989894032478333
-0.9795355200767517
-0.9913012385368347
-0.9636211395263672
-0.964009702205658
-0.9998522996902466
-0.9558910131454468
-0.9652078747749329
-0.9046200513839722
-0.8708610534667969
-0.8673394322395325
-0.9643784165382385
-0.9756868481636047
-0.8827284574508667
-0.13217110931873322
-0.9748117327690125
-0.9702235460281372
-0.9998680353164673
-0.6670693755149841
-0.9992808699607849
-0.9961174726486206
-0.9948542714118958
-0.9985036849975586
-0.7842262387275696
-0.9917152523994446
-0.9937566518783569
-0.9986055493354797
-0.3871477544307709
-0.9064845442771912
-0.5826626420021057
-0.8953995704650879
-0.9999799728393555
-0.9945539236068726
-0.9729804992675781
-0.9269083738327026
-0.9930942058563232
-0.9978961944580078
-0.6834732890129089
-0.9946304559707642
-0.9958491325378418
-0.9798762798309326
-0.9966638684272766
-0.9911187291145325
-0.9356069564819336
-0.9697278141975403
-0.8495092391967773
-0.9599323868751526
-0.9513870477676392
-0.44838857650756836
-0.7650755643844604
-0.9999557733535767
-0.9996916055679321
-0.7172054648399353
-0.910471498966217
-0.9973217844963074
-0.9987547397613525
-0.9995753169059753
-0.99610835313797
-0.8744255304336548
-0.9970025420188904
-0.9935528039932251
-0.8742783665657043
-0.9181013703346252
-0.6699084639549255
-0.9984807372093201
-0.9915841817855835
-0.9869565963745117
-0.968496561050415
-0.9984620809555054
-0.9516904354095459
-0.5144890546798706
-0.982181966304779
-0.9963521957397461
-0.9505003094673157
-0.9953891038894653
-0.9919169545173645
-0.9883424639701843
-0.9890592098236084
-0.9968343377113342
-0.9971041083335876
-0.9990179538726807
-0.8852828145027161
-0.9845577478408813
-0.923969566822052
-0.9962350726127625
-0.9966965913772583
-0.9924597144126892
-0.9786190390586853
-0.9974430799484253
-0.9955690503120422
-0.9983111619949341
-0.8391169905662537
-0.9986771941184998
-0.9459237456321716
-0.9594906568527222
-0.7520260810852051
-0.9808281064033508
-0.9995301961898804
-0.9550206065177917
-0.9994441866874695
-0.8665350079536438
-0.9922472238540649
-0.9683678150177002
-0.9816123843193054
-0.7654126882553101
-0.9984690546989441
-0.9968006610870361
-0.9996185302734375
-0.9934043288230896
-0.9987605810165405
-0.9277429580688477
-0.9941604733467102
-0.9836116433143616
-0.9819498658180237
-0.9967457056045532
-0.9998461008071899
-0.391389936208725
-0.8112172484397888
-0.9972048401832581
-0.9985454082489014
-0.9901464581489563
-0.9872982501983643
-0.9963663816452026
-0.9115453362464905
-0.9966921806335449
-0.9569103121757507
-0.965828537940979
-0.9541975259780884
-0.937614917755127
-0.6301496028900146
-0.9296064972877502
-0.9492501616477966
-0.9918253421783447
-0.9493589401245117
-0.9901459813117981
-0.5838032960891724
-0.9978896975517273
-0.9829760789871216
-0.9606569409370422
-0.9298540949821472
-0.996282160282135
-0.9998335838317871
-0.9296002984046936
-0.8928150534629822
-0.9145650267601013
-0.9597358703613281
-0.981596052646637
-0.9641664624214172
-0.9655573964118958
-0.5400498509407043
-0.9953403472900391
-0.9995288848876953
-0.8855849504470825
-0.935621440410614
-0.9843701124191284
-0.9622285962104797
-0.9999114274978638
-0.9926013350486755
-0.982135534286499
-0.7145320773124695
-0.983653724193573
-0.8789840340614319
-0.9372621774673462
-0.9706722497940063
-0.9912806153297424
-0.9952404499053955
-0.9903607368469238
-0.9982991814613342
-0.9784461259841919
-0.9939182996749878
-0.9962355494499207
-0.9787664413452148
-0.6603506207466125
-0.9543301463127136
-0.9839800596237183
-0.999956488609314
-0.9927748441696167
-0.9742285013198853
-0.9394858479499817
-0.9463180303573608
-0.9140602350234985
-0.9986642599105835
-0.9992861151695251
-0.9996651411056519
-0.9988685846328735
-0.9955176711082458
-0.8365689516067505
-0.9987119436264038
-0.996800422668457
-0.6947271823883057
-0.9983491897583008
-0.9976924657821655
-0.9985186457633972
-0.9993244409561157
-0.6037493348121643
-0.9584370255470276
-0.9976951479911804
-0.9519739747047424
-0.9443785548210144
-0.9968634843826294
-0.9791694283485413
-0.9326292872428894
-0.9995332956314087
-0.9889032244682312
-0.9999533891677856
-0.2147928774356842
-0.9958409667015076
-0.9970232844352722
-0.9974157810211182
-0.9858128428459167
-0.9497390389442444
-0.8997555375099182
-0.1251518279314041
-0.7394722104072571
-0.9401489496231079
-0.9894654750823975
-0.9980216026306152
-0.9991655349731445
-0.9964684247970581
-0.8068658113479614
-0.9992501139640808
-0.9881908893585205
-0.9715490341186523
-0.9944949746131897
-0.6761338710784912
-0.9961647987365723
-0.9989660978317261
-0.9571493268013
-0.085129015147686
-0.9700888991355896
-0.9945123195648193
-0.9980888962745667
-0.8426633477210999
-0.9981583952903748
-0.8605982065200806
-0.9248796105384827
-0.9050878882408142
-0.994739830493927
-0.9213719367980957
-0.9851791262626648
-0.9231331944465637
-0.8935790061950684
-0.8241601586341858
-0.9986543655395508
-0.9989551305770874
-0.9948522448539734
-0.9797342419624329
-0.8927672505378723
-0.9506050944328308
-0.995617151260376
-0.9223487377166748
-0.46796321868896484
-0.9959090948104858
-0.99552321434021
-0.9721596240997314
-0.9997476935386658
-0.9871041178703308
-0.915072500705719
-0.9991768002510071
-0.9689943194389343
-0.9855315685272217
-0.5579565167427063
-0.9688109755516052
-0.9921320080757141
-0.9981649518013
-0.9154669046401978
-0.9535690546035767
-0.9029902815818787
-0.9985122084617615
-0.9798688292503357
-0.999957799911499
-0.9737496972084045
-0.985628604888916
-0.8666261434555054
-0.9519630670547485
-0.9953272342681885
-0.9995133876800537
-0.9833807945251465
-0.9952110648155212
-0.24524304270744324
-0.9741864800453186
-0.9971452355384827
-0.9993854761123657
-0.8668625354766846
-0.9503663182258606
-0.9514017105102539
-0.9515014290809631
-0.9643958210945129
-0.9590945243835449
-0.9983490705490112
-0.07141642272472382
-0.9839085936546326
-0.9579145312309265
-0.9231252670288086
-0.690523087978363
-0.9989163875579834
-0.9987026453018188
-0.4791439473628998
-0.9743290543556213
-0.4410102963447571
-0.999351441860199
-0.9072694778442383
-0.9918592572212219
-0.9850937128067017
-0.9846974611282349
-0.9958413243293762
-0.997455894947052
-0.9421378374099731
-0.9790054559707642
-0.9808144569396973
-0.9991795420646667
-0.9712380170822144
-0.9862789511680603
-0.7126944661140442
-0.8829550743103027
-0.99806147813797
-0.9969906806945801
-0.9992774128913879
-0.9671187400817871
-0.9897567629814148
-0.9182970523834229
-0.991971492767334
-0.9960662722587585
-0.9887595176696777
-0.9819236397743225
-0.9736301898956299
-0.9487993121147156
-0.9967881441116333
-0.9423427581787109
-0.983792781829834
-0.7655261754989624
-0.9997108578681946
-0.9256027340888977
-0.9866570830345154
-0.9988583326339722
-0.951941967010498
-0.4002425968647003
-0.23101191222667694
-0.9884651899337769
-0.9949609041213989
-0.9239048361778259
-0.9445298910140991
-0.9914472103118896
-0.9960136413574219
-0.9908016324043274
-0.9956310987472534
-0.7018836140632629
-0.9817033410072327
-0.9176890254020691
-0.9962221384048462
-0.9961966276168823
-0.993529736995697
-0.9987208247184753
-0.9905086755752563
-0.9989290833473206
-0.9746156930923462
-0.991003155708313
-0.9373106360435486
-0.9851853847503662
-0.9631619453430176
-0.9700706005096436
-0.9951517581939697
-0.9979612827301025
-0.9019056558609009
-0.9726472496986389
-0.994607150554657
-0.9843324422836304
-0.9880560636520386
-0.9950016140937805
-0.7875775098800659
-0.9052029252052307
-0.9409659504890442
-0.9753144979476929
-0.8773061037063599
-0.9877733588218689
-0.8947538137435913
-0.9781873226165771
-0.9917118549346924
-0.13532958924770355
-0.9997162222862244
-0.9785463213920593
-0.9624252319335938
-0.9916542768478394
-0.6395937204360962
-0.9995075464248657
-0.916387677192688
-0.9996134638786316
-0.9835733771324158
-0.9928754568099976
-0.9970908164978027
-0.9982661604881287
-0.999901294708252
-0.9347041249275208
-0.9896367192268372
-0.9903708100318909
-0.9985093474388123
-0.9996963739395142
-0.9959195852279663
-0.970655620098114
-0.9622763991355896
-0.9937264919281006
-0.9989734888076782
-0.9924541115760803
-0.9801276922225952
-0.9596132636070251
-0.7999032139778137
-0.7903110980987549
-0.9830784201622009
-0.9941457509994507
-0.9292578101158142
-0.9888995289802551
-0.9956514239311218
-0.9997257590293884
-0.9613345265388489
-0.8968570232391357
-0.9280972480773926
-0.9988409876823425
-0.7762337923049927
-0.9744754433631897
-0.9988381266593933
-0.9773322939872742
-0.7499641180038452
-0.9818760752677917
-0.9982872605323792
-0.9992772936820984
-0.9957024455070496
-0.9662193059921265
-0.9883655309677124
-0.9518819451332092
-0.9622183442115784
-0.9212505221366882
-0.29532119631767273
-0.9331761598587036
-0.9986618757247925
-0.5814831852912903
-0.9977962970733643
-0.9984904527664185
-0.8821669220924377
-0.9918724894523621
-0.6236781477928162
-0.9692193269729614
-0.9347491264343262
-0.42960768938064575
-0.9682600498199463
-0.990513801574707
-0.9986543655395508
-0.9962477087974548
-0.9927968382835388
-0.9992497563362122
-0.9898608922958374
-0.995614767074585
-0.9950361847877502
-0.998893678188324
-0.8195844888687134
-0.9887351393699646
-0.9908097982406616
-0.9974193572998047
-0.9978871941566467
-0.9950981736183167
-0.9975981116294861
-0.9736131429672241
-0.999032735824585
-0.9945624470710754
-0.9974138140678406
-0.9893689751625061
-0.9991077780723572
-0.8097050786018372
-0.9892246127128601
-0.9867013096809387
-0.9997814297676086
-0.07361350953578949
-0.9998307228088379
-0.9732686281204224
-0.9997199177742004
-0.530522346496582
-0.8260980844497681
-0.9462302327156067
-0.9953976273536682
-0.9976048469543457
-0.8865439295768738
-0.6612978577613831
-0.8407590389251709
-0.9449912309646606
-0.8340504169464111
-0.978438675403595
-0.9908965229988098
-0.9869287014007568
-0.9971490502357483
-0.9712424278259277
-0.9900059103965759
-0.988666296005249
-0.6825717091560364
-0.9711464047431946
-0.9833487272262573
-0.9122132062911987
-0.9944463968276978
-0.9840986132621765
-0.9912497997283936
-0.9937847852706909
-0.9382680654525757
-0.9998623132705688
-0.9754309058189392
-0.9941348433494568
-0.24195317924022675
-0.9486711025238037
-0.9858399629592896
-0.9986836314201355
-0.9650945663452148
-0.9904646873474121
-0.9685793519020081
-0.9832552671432495
-0.9996427297592163
-0.2774420976638794
-0.9914474487304688
-0.9992142915725708
-0.9416205286979675
-0.9351606369018555
-0.9769867062568665
-0.9902393817901611
-0.9991989731788635
-0.9330512881278992
-0.9983478784561157
-0.9997074007987976
-0.9928927421569824
-0.989749014377594
-0.9933462142944336
-0.9802595376968384
-0.9996392726898193
-0.6409757733345032
-0.996607780456543
-0.8639742732048035
-0.942312479019165
-0.5855233669281006
-0.8972287774085999
-0.6930316686630249
-0.9690426588058472
-0.972162127494812
-0.9949601888656616
-0.9961764812469482
-0.9883511662483215
-0.9986334443092346
-0.9974361062049866
-0.9994163513183594
-0.990449845790863
-0.414824515581131
-0.9807544946670532
-0.9963741898536682
-0.9907213449478149
-0.9923442006111145
-0.9982215762138367
-0.9808374047279358
-0.9158387184143066
-0.991162896156311
-0.9473239779472351
-0.9614969491958618
-0.9999068975448608
-0.9972077012062073
-0.99045729637146
-0.9998714923858643
-0.977719783782959
-0.9179980158805847
-0.9738643169403076
-0.9957960844039917
-0.998213529586792
-0.9849514365196228
-0.9764114022254944
-0.9489450454711914
-0.9879629611968994
-0.9789115190505981
-0.8926666378974915
-0.8412364721298218
-0.21320956945419312
-0.9998866319656372
-0.9970521926879883
-0.9965552091598511
-0.9613511562347412
-0.995756208896637
-0.9894487857818604
-0.9152975678443909
-0.9920623302459717
-0.9701763987541199
-0.8824147582054138
-0.9915581941604614
-0.9195842742919922
-0.9268966317176819
-0.9978450536727905
-0.9882858395576477
-0.998285710811615
-0.9574391841888428
-0.9996356964111328
-0.9677284359931946
-0.9845069646835327
-0.997380793094635
-0.9978997707366943
-0.8113594651222229
-0.9009364247322083
-0.9951353669166565
-0.9651743173599243
-0.974858283996582
-0.9569101333618164
-0.9975112676620483
-0.9999626874923706
-0.9534627199172974
-0.96651691198349
-0.9995225667953491
-0.9986724853515625
-0.946248471736908
-0.8344002366065979
-0.9784510135650635
-0.997327446937561
-0.998462438583374
-0.8269063830375671
-0.9916936755180359
-0.991883397102356
-0.9849510192871094
-0.9667215347290039
-0.9645016193389893
-0.21929173171520233
-0.9973112344741821
-0.9966365098953247
-0.8469493985176086
-0.9731023907661438
-0.9927642941474915
-0.9836488962173462
-0.9973158240318298
-0.9987953901290894
-0.9990098476409912
-0.9928138852119446
-0.9840410947799683
-0.9858561754226685
-0.9779150485992432
-0.9256353378295898
-0.9992475509643555
-0.9824143052101135
-0.9988024234771729
-0.9979355335235596
-0.9968557357788086
-0.9081243276596069
-0.9363030791282654
-0.9597523808479309
-0.7782434225082397
-0.9881921410560608
-0.9958441853523254
-0.8309689164161682
-0.9954696893692017
-0.9835694432258606
-0.9921343326568604
-0.792358934879303
-0.9454271793365479
-0.9994219541549683
-0.9182738661766052
-0.922402024269104
-0.974168062210083
-0.9584664106369019
-0.9473425149917603
-0.9677829146385193
-0.9936155080795288
-0.9354816675186157
-0.876030445098877
-0.9020286202430725
-0.99112468957901
-0.9998016953468323
-0.9900953769683838
-0.932081937789917
-0.9995285272598267
-0.9991395473480225
-0.9974122643470764
-0.8184890747070312
-0.9892746806144714
-0.9718823432922363
-0.9967798590660095
-0.992081880569458
-0.9934697151184082
-0.9968268275260925
-0.9832813143730164
-0.9825901389122009
-0.9994762539863586
-0.9977254271507263
-0.9890813827514648
-0.9985395669937134
-0.8147291541099548
-0.9488787055015564
-0.9687215089797974
-0.9994619488716125
-0.9901635050773621
-0.9932738542556763
-0.7912485003471375
-0.9499868154525757
-0.9957337975502014
-0.9978634715080261
-0.9992756247520447
-0.9109706878662109
-0.9802929759025574
-0.9981265664100647
-0.971469521522522
-0.9554351568222046
-0.9949518442153931
-0.9249894618988037
-0.9864102005958557
-0.9995121955871582
-0.9988417029380798
-0.9419386386871338
-0.9224680662155151
-0.9467988014221191
-0.9737574458122253
-0.9977436065673828
-0.6646279096603394
-0.9591209292411804
-0.9116796851158142
-0.973246693611145
-0.9991809725761414
-0.9698311686515808
-0.973712682723999
-0.9842426776885986
-0.9874448776245117
-0.7935113310813904
-0.9956544637680054
-0.9980645775794983
-0.9980345368385315
-0.98561030626297
-0.9875670671463013
-0.9468525648117065
-0.644247829914093
-0.9995384216308594
-0.9953064322471619
-0.9966083765029907
-0.9988365769386292
-0.47533947229385376
-0.9902651309967041
-0.3717889189720154
-0.9846048951148987
-0.8112114667892456
-0.995487630367279
-0.9310112595558167
-0.9945839047431946
-0.9988582134246826
-0.9886828064918518
-0.9804617166519165
-0.9538426399230957
-0.970346212387085
-0.49355483055114746
-0.9783032536506653
-0.97267085313797
-0.9458006620407104
-0.9889188408851624
-0.9897038340568542
-0.9994321465492249
-0.9028353691101074
-0.9038878679275513
-0.9918751120567322
-0.9939830899238586
-0.9126439690589905
-0.9830853343009949
-0.8135730624198914
-0.9970883727073669
-0.9997648596763611
-0.9923033714294434
-0.9957724213600159
-0.9292688965797424
-0.9889074563980103
-0.9975595474243164
-0.9619407057762146
-0.9598930478096008
-0.9143186807632446
-0.987690806388855
-0.999648928642273
-0.9832600951194763
-0.708509624004364
-0.9955767393112183
-0.9842830300331116
-0.9932083487510681
-0.9991127848625183
-0.9799675941467285
-0.9835565090179443
-0.9644169807434082
-0.9839329719543457
-0.9986140727996826
-0.9992594122886658
-0.9957744479179382
-0.9585972428321838
-0.9286759495735168
-0.999893307685852
-0.873688280582428
-0.9278138279914856
-0.0861765667796135
-0.9064391255378723
-0.07907430827617645
-0.9828318953514099
-0.9582440257072449
-0.6198416948318481
-0.9918209314346313
-0.9783673882484436
-0.9704321622848511
-0.999871015548706
-0.9767566919326782
-0.7649551033973694
-0.9551501274108887
-0.9910762310028076
-0.990108847618103
-0.6286918520927429
-0.9009463787078857
-0.962920606136322
-0.9914862513542175
-0.9863325953483582
-0.9991045594215393
-0.8397423624992371
-0.9656290411949158
-0.9973154664039612
-0.9235064387321472
-0.96484375
-0.9371880292892456
-0.985267162322998
-0.9997312426567078
-0.7311851382255554
-0.9177426099777222
-0.9663828611373901
-0.9999022483825684
-0.7935833930969238
-0.7286204099655151
-0.9759567379951477
-0.5758289098739624
-0.4481617212295532
-0.9981487989425659
-0.9983048439025879
-0.9836118817329407
-0.9820185899734497
-0.8822653293609619
-0.9890244603157043
-0.8611612319946289
-0.9946700930595398
-0.8391057252883911
-0.8647468090057373
-0.9917382597923279
-0.9992362260818481
-0.9550092220306396
-0.982485294342041
-0.9947136044502258
-0.9972176551818848
-0.9137193560600281
-0.9005641341209412
-0.9997524619102478
-0.9697142243385315
-0.9542890191078186
-0.9481809139251709
-0.9865630865097046
-0.9168695211410522
-0.9964662790298462
-0.8788403272628784
-0.997267484664917
-0.9896950721740723
-0.9609237909317017
-0.9989858269691467
-0.9987964630126953
-0.9980156421661377
-0.9332354664802551
-0.2857967019081116
-0.9839336276054382
-0.9305976033210754
-0.9973637461662292
-0.9809880256652832
-0.9984682202339172
-0.9982214570045471
-0.9921008944511414
-0.9955706000328064
-0.9969809651374817
-0.995036780834198
-0.9757011532783508
-0.9604247212409973
-0.9979279041290283
-0.9994113445281982
-0.9973025321960449
-0.9577845931053162
-0.9343634843826294
-0.9543439745903015
-0.9717902541160583
-0.9801826477050781
-0.9418430328369141
-0.9846919178962708
-0.9837414026260376
-0.9526908993721008
-0.918978214263916
-0.9924098253250122
-0.9782310128211975
-0.9876562356948853
-0.9881850481033325
-0.9305225610733032
-0.9705140590667725
-0.9942153096199036
-0.9566441774368286
-0.9021416306495667
-0.9376861453056335
-0.9875949621200562
-0.6652951836585999
-0.9847012758255005
-0.9827507138252258
-0.9549350738525391
-0.9988459348678589
-0.8244322538375854
-0.9992334842681885
-0.9565709829330444
-0.99989914894104
-0.995662271976471
-0.9994346499443054
-0.9998841285705566
-0.9935389161109924
-0.997853696346283
-0.9794409275054932
-0.9997685551643372
-0.9524433612823486
-0.9855366349220276
-0.9994692206382751
-0.9998608827590942
-0.9054081439971924
-0.9220142960548401
-0.9876183271408081
-0.8998236060142517
-0.9987602233886719
-0.9002265334129333
-0.9911910891532898
-0.8775115013122559
-0.9779300689697266
-0.9939424395561218
-0.9938696622848511
-0.9943904280662537
-0.9839844107627869
-0.9952672719955444
-0.9786264896392822
-0.9160809516906738
-0.9995470643043518
-0.6253526210784912
-0.9895718097686768
-0.9972512125968933
-0.987438976764679
-0.9994906187057495
-0.9911743402481079
-0.9899557828903198
-0.9658628702163696
-0.9971470236778259
-0.9988700747489929
-0.993324339389801
-0.9995039701461792
-0.7911422848701477
-0.9973264932632446
-0.9968221187591553
-0.7308822274208069
-0.9987564086914062
-0.9427871704101562
-0.31219682097435
-0.9942775368690491
-0.6027318835258484
-0.9842545986175537
-0.9966410398483276
-0.9938691258430481
-0.9973474740982056
-0.9780611991882324
-0.9999268054962158
-0.9937230944633484
-0.9775862693786621
-0.9994840621948242
-0.9980605244636536
-0.7099615335464478
-0.9780725240707397
-0.9125263094902039
-0.9019496440887451
-0.996731162071228
-0.9996922016143799
-0.9984890222549438
-0.903496503829956
-0.9938058853149414
-0.9890822172164917
-0.9995124340057373
-0.9921079277992249
-0.8882209062576294
-0.9963919520378113
-0.985161542892456
-0.9966326355934143
-0.7287465333938599
-0.9990783929824829
-0.9976220726966858
-0.9907596111297607
-0.9752594232559204
-0.6899881362915039
-0.4677409529685974
-0.9517808556556702
-0.9946340322494507
-0.12763646245002747
-0.9889143109321594
-0.9956163167953491
-0.9795811772346497
-0.9996440410614014
-0.9149014353752136
-0.9961548447608948
-0.9919496774673462
-0.9971068501472473
-0.9975283741950989
-0.9985038042068481
-0.9943912625312805
-0.9878897070884705
-0.9769949913024902
-0.996587872505188
-0.9943938255310059
-0.997653067111969
-0.8984139561653137
-0.9996538162231445
-0.9207649827003479
-0.9247355461120605
-0.9990371465682983
-0.6967599391937256
-0.9784197807312012
-0.9893583059310913
-0.998354434967041
-0.9842735528945923
-0.9916198253631592
-0.9999895095825195
-0.9709208011627197
-0.9680667519569397
-0.9878915548324585
-0.8939545154571533
-0.9956457018852234
-0.9997139573097229
-0.9515066146850586
-0.9976990818977356
-0.9957719445228577
-0.9919501543045044
-0.9988787770271301
-0.971555769443512
-0.9937373399734497
-0.9927515983581543
-0.9727904200553894
-0.5724633932113647
-0.9983797073364258
-0.9994660019874573
-0.9929748773574829
-0.9479857087135315
-0.9937931299209595
-0.9873277544975281
-0.9586086869239807
-0.9926512837409973
-0.13670513033866882
-0.9961737990379333
-0.9496400952339172
-0.998158872127533
-0.9915048480033875
-0.9018334150314331
-0.9934396147727966
-0.9983068704605103
-0.9414190649986267
-0.9979173541069031
-0.9836522340774536
-0.9976668357849121
-0.8606653213500977
-0.9901782274246216
-0.9986282587051392
-0.8395904898643494
-0.909755289554596
-0.9778698086738586
-0.9928787350654602
-0.9999182224273682
-0.8115895390510559
-0.9919176697731018
-0.9895099401473999
-0.9425913691520691
-0.9907003045082092
-0.7964437007904053
-0.9954328536987305
-0.9989018440246582
-0.9838910698890686
-0.9986465573310852
-0.9943687319755554
-0.9640339612960815
-0.38368672132492065
-0.9866141676902771
-0.9676883816719055
-0.9930446743965149
-0.978205144405365
-0.9982367753982544
-0.9711123108863831
-0.9926222562789917
-0.8925617933273315
-0.9878714084625244
-0.9561034440994263
-0.9970679879188538
-0.9935945868492126
-0.8400250673294067
-0.9994876384735107
-0.9806624054908752
-0.9812920093536377
-0.9794487357139587
-0.9965125918388367
-0.9598839282989502
-0.9880532026290894
-0.9035326838493347
-0.9974946975708008
-0.9981518387794495
-0.8591733574867249
-0.9977205395698547
-0.8637025356292725
-0.9328568577766418
-0.9460190534591675
-0.9996659755706787
-0.9973843693733215
-0.9273804426193237
-0.9960774779319763
-0.9971809387207031
-0.8353726267814636
-0.8880704641342163
-0.998175859451294
-0.5691296458244324
-0.9820582270622253
-0.9437229633331299
-0.9593687653541565
-0.975186288356781
-0.9051112532615662
-0.9993945360183716
-0.8827517628669739
-0.977314829826355
-0.9993708729743958
-0.9954829216003418
-0.7782514095306396
-0.9911726117134094
-0.956708550453186
-0.9998432397842407
-0.9387044310569763
-0.9833540320396423
-0.997557520866394
-0.9967898726463318
-0.997305154800415
-0.7132078409194946
-0.9985330104827881
-0.9565145969390869
-0.9904909133911133
-0.9934954643249512
-0.7606387138366699
-0.9897180795669556
-0.9585973620414734
-0.32704368233680725
-0.8014571070671082
-0.9999353885650635
-0.8910493850708008
-0.9538943767547607
-0.997047483921051
-0.9988473653793335
-0.9926793575286865
-0.9897380471229553
-0.9944774508476257
-0.8681195378303528
-0.9852467775344849
-0.9990505576133728
-0.9518035054206848
-0.8959632515907288
-0.9918599724769592
-0.931717038154602
-0.963916003704071
-0.7626321911811829
-0.9928915500640869
-0.9872497916221619
-0.5288791656494141
-0.7622937560081482
-0.8884406089782715
-0.8535351157188416
-0.9968511462211609
-0.9999645948410034
-0.6307172775268555
-0.9982985854148865
-0.99524986743927
-0.9991845488548279
-0.03899632394313812
-0.9338439106941223
-0.8205683827400208
-0.998023509979248
-0.9873480796813965
-0.9449215531349182
-0.9997813105583191
-0.803293764591217
-0.9897871017456055
-0.8702723979949951
-0.7492338418960571
-0.8921924829483032
-0.9923434853553772
-0.9953937530517578
-0.9768596291542053
-0.9888702630996704
-0.915488064289093
-0.9995537400245667
-0.9724546670913696
-0.27302566170692444
-0.9452569484710693
-0.9734761118888855
-0.9537815451622009
-0.6163682341575623
-0.9720855951309204
-0.7809062600135803
-0.9715321660041809
-0.9886664152145386
-0.9993900060653687
-0.9773049354553223
-0.9987142086029053
-0.9988804459571838
-0.9997773766517639
-0.9058723449707031
-0.9421849250793457
-0.9999438524246216
-0.9934552311897278
-0.8972423672676086
-0.9771136045455933
-0.8636839389801025
-0.9456263780593872
-0.9899437427520752
-0.998290479183197
-0.6846277117729187
-0.9952090382575989
-0.8088651895523071
-0.9912096261978149
-0.982729434967041
-0.9365435242652893
-0.9073542356491089
-0.8335920572280884
-0.9811838865280151
-0.9155564904212952
-0.9777575135231018
-0.954255998134613
-0.9512504935264587
-0.9940589666366577
-0.6957084536552429
-0.9842458367347717
-0.9997314810752869
-0.9401815533638
-0.9629539847373962
-0.9997085928916931
-0.9882273077964783
-0.9968193769454956
-0.9432792663574219
-0.9455836415290833
-0.874757707118988
-0.9536007046699524
-0.9690396189689636
-0.97532719373703
-0.9999614953994751
-0.9966850876808167
-0.5324873924255371
-0.9366878271102905
-0.9135652184486389
-0.9990420937538147
-0.9797207117080688
-0.9987679123878479
-0.9970917701721191
-0.9962182641029358
-0.9956117272377014
-0.9941532015800476
-0.9847363829612732
-0.9753598570823669
-0.9357744455337524
-0.9886431097984314
-0.9992675185203552
-0.9674981832504272
-0.9884422421455383
-0.9193820357322693
-0.9985027313232422
-0.9950088262557983
-0.973139762878418
-0.9984093308448792
-0.983188807964325
-0.9995778203010559
-0.8100428581237793
-0.9767475724220276
-0.9938282370567322
-0.9749892950057983
-0.9982950091362
-0.7865254282951355
-0.9841412901878357
-0.8902131915092468
-0.9934558272361755
-0.11915457248687744
-0.9856771230697632
-0.9375159740447998
-0.9813733696937561
-0.998755693435669
-0.9927718043327332
-0.9984585046768188
-0.9996809959411621
-0.9715777635574341
-0.9945348501205444
-0.1983690857887268
-0.9960185885429382
-0.9856840372085571
-0.9949778914451599
-0.9118596315383911
-0.9953566193580627
-0.9353454113006592
-0.9990242719650269
-0.9957029223442078
-0.6525012254714966
-0.9948557615280151
-0.9998292922973633
-0.9981096982955933
-0.9717199802398682
-0.9569696187973022
-0.9970647692680359
-0.9794711470603943
-0.9973369240760803
-0.9631032347679138
-0.9785350561141968
-0.7379181981086731
-0.9549672603607178
-0.9740106463432312
-0.7915601134300232
-0.9556097388267517
-0.9835135340690613
-0.999704897403717
-0.96625816822052
-0.9968829154968262
-0.9964568018913269
-0.999568521976471
-0.9229416251182556
-0.9798476696014404
-0.9933445453643799
-0.9958657026290894
-0.9968264102935791
-0.9882177710533142
-0.9708468317985535
-0.8462219834327698
-0.96406489610672
-0.9702922105789185
-0.9960117340087891
-0.960370659828186
-0.989737331867218
-0.9982319474220276
-0.9949223399162292
-0.9579160809516907
-0.997696578502655
-0.9675685167312622
-0.9710448384284973
-0.9900122284889221
-0.9995042085647583
-0.9984129667282104
-0.9766854643821716
-0.8163046836853027
-0.9966435432434082
-0.9917601943016052
-0.9999070167541504
-0.9682411551475525
-0.0986412912607193
-0.99454665184021
-0.9976345300674438
-0.9841241240501404
-0.930952250957489
-0.9978530406951904
-0.9998494386672974
-0.954832136631012
-0.9955191612243652
-0.9993051290512085
-0.9996718168258667
-0.9877248406410217
-0.9705255031585693
-0.9215532541275024
-0.9059856534004211
-0.9992295503616333
-0.9965083003044128
-0.9931387305259705
-0.9909310340881348
-0.9961386322975159
-0.9517785906791687
-0.9986798167228699
-0.7676038146018982
-0.9580934047698975
-0.943167507648468
-0.9603334665298462
-0.9970775842666626
-0.9980655312538147
-0.9836017489433289
-0.9984910488128662
-0.9885181784629822
-0.9657390117645264
-0.9592617750167847
-0.9998076558113098
-0.992344081401825
-0.9807665348052979
-0.9898115992546082
-0.9923536777496338
-0.9755120873451233
-0.9914507269859314
-0.9998425245285034
-0.9833691716194153
-0.9975426197052002
-0.9618264436721802
-0.9958595633506775
-0.9957903027534485
-0.8490182757377625
-0.9520823359489441
-0.9950875639915466
-0.993826687335968
-0.9994534850120544
-0.9985230565071106
-0.9999488592147827
-0.8584688901901245
-0.9948163628578186
-0.9400691390037537
-0.9885690212249756
-0.795386016368866
-0.9768657684326172
-0.984454870223999
-0.9461575150489807
-0.9934325218200684
-0.9878696799278259
-0.990403413772583
-0.9370864033699036
-0.9172537326812744
-0.9783339500427246
-0.9993853569030762
-0.991619348526001
-0.9995074272155762
-0.9645578265190125
-0.9960235357284546
-0.9938262104988098
-0.9907275438308716
-0.9773042798042297
-0.9986618757247925
-0.99856036901474
-0.9774153828620911
-0.9996451139450073
-0.9978103041648865
-0.9781508445739746
-0.968812108039856
-0.8578031659126282
-0.8599368333816528
-0.9939249157905579
-0.9806522130966187
-0.9717202186584473
-0.9786918759346008
-0.9373387098312378
-0.9994655251502991
-0.9898183941841125
-0.9819738864898682
-0.9958263039588928
-0.971501350402832
-0.9675846695899963
-0.9901387691497803
-0.9677661061286926
-0.9950703382492065
-0.6552097201347351
-0.5955819487571716
-0.9710416197776794
-0.9988287091255188
-0.9909975528717041
-0.9879823923110962
-0.995215654373169
-0.9971524477005005
-0.9743280410766602
-0.9558761715888977
-0.998264491558075
-0.9960851669311523
-0.921458899974823
-0.9869130849838257
-0.9835819005966187
-0.9997549653053284
-0.955272912979126
-0.8882399201393127
-0.990840494632721
-0.99747234582901
-0.9487687349319458
-0.8854349255561829
-0.9393020868301392
-0.9190146923065186
-0.9952743053436279
-0.8763881921768188
-0.995415449142456
-0.9131428003311157
-0.9864506721496582
-0.9992616772651672
-0.9574522972106934
-0.9968183040618896
-0.9963417649269104
-0.9697586297988892
-0.9875636696815491
-0.9995595812797546
-0.9963328838348389
-0.9839973449707031
-0.9222817420959473
-0.9943511486053467
-0.9937915205955505
-0.9544134736061096
-0.9768896698951721
-0.9834717512130737
-0.9701412916183472
-0.9170261025428772
-0.9792141318321228
-0.9624687433242798
-0.945274293422699
-0.8706216812133789
-0.762408435344696
-0.9997348189353943
-0.9885081648826599
-0.8600207567214966
-0.9188058376312256
-0.5214006304740906
-0.9974566102027893
-0.9959981441497803
-0.9574849605560303
-0.9931052327156067
-0.9971871972084045
-0.9578554630279541
-0.923301100730896
-0.9975773692131042
-0.9687461256980896
-0.9318130612373352
-0.8956056833267212
-0.9702044725418091
-0.9737401604652405
-0.991182804107666
-0.9857158064842224
-0.9463242292404175
-0.9947842955589294
-0.9887430667877197
-0.9995669722557068
-0.9798706769943237
-0.999792754650116
-0.9962651133537292
-0.9981814622879028
-0.9965349435806274
-0.994290828704834
-0.9666533470153809
-0.7980282306671143
-0.8644242286682129
-0.9350789189338684
-0.3694617748260498
-0.9835100769996643
-0.9881417155265808
-0.8804365992546082
-0.9995236396789551
-0.9781877994537354
-0.9987297654151917
-0.9957310557365417
-0.9938401579856873
-0.9667301177978516
-0.9834460616111755
-0.7746785283088684
-0.9996515512466431
-0.9998452663421631
-0.9865026473999023
-0.9562094211578369
-0.9986820816993713
-0.9911485910415649
-0.9996532201766968
-0.999900221824646
-0.995888888835907
-0.8899362087249756
-0.8132249116897583
-0.9671410322189331
-0.9721227884292603
-0.9360820055007935
-0.8829004168510437
-0.9997817873954773
-0.9567503333091736
-0.9956386685371399
-0.9884994626045227
-0.9701814651489258
-0.9892628788948059
-0.9990041851997375
-0.997538685798645
-0.9934013485908508
-0.9810857772827148
-0.9244793057441711
-0.9542953372001648
-0.9994115829467773
-0.9941548705101013
-0.997616171836853
-0.9948711395263672
-0.9911887645721436
-0.9253261685371399
-0.8641656637191772
-0.9691081643104553
-0.7855126261711121
-0.9475799798965454
-0.9071350693702698
-0.8629185557365417
-0.9972178936004639
-0.9928734302520752
-0.9967825412750244
-0.999593198299408
-0.988298237323761
-0.9920478463172913
-0.7973881363868713
-0.9418517351150513
-0.998114824295044
-0.8400261402130127
-0.9759977459907532
-0.9896048307418823
-0.9566851854324341
-0.4015866816043854
-0.9966879487037659
-0.9991583824157715
-0.9958056211471558
-0.9745267033576965
-0.9982536435127258
-0.986682653427124
-0.84257572889328
-0.9740554094314575
-0.9899718761444092
-0.9996129870414734
-0.9958388805389404
-0.9957345128059387
-0.9764502644538879
-0.9923508763313293
-0.998913049697876
-0.9633487462997437
-0.9865906238555908
-0.9898635745048523
-0.9883654117584229
-0.7715511322021484
-0.9995189905166626
-0.9043134450912476
-0.9992538094520569
-0.9360946416854858
-0.9908515810966492
-0.3710192143917084
-0.9990392923355103
-0.9961097836494446
-0.9980068802833557
-0.7598012089729309
-0.9644420742988586
-0.8850792050361633
-0.682607889175415
-0.9639613032341003
-0.9811632037162781
-0.9682402610778809
-0.999001681804657
-0.976986825466156
-0.9997327923774719
-0.9991263747215271
-0.9698086380958557
-0.9523026943206787
-0.9815338253974915
-0.9999334812164307
-0.9998273849487305
-0.9447539448738098
-0.9954575300216675
-0.9957472681999207
-0.9959945678710938
-0.9931784868240356
-0.994022786617279
-0.9962753057479858
-0.999101996421814
-0.8766413927078247
-0.6145080327987671
-0.9197081327438354
-0.9996918439865112
-0.9621299505233765
-0.997432291507721
-0.991582453250885
-0.9918128252029419
-0.9957939386367798
-0.9835577011108398
-0.9474162459373474
-0.9469039440155029
-0.8664999604225159
-0.9804911613464355
-0.9987819790840149
-0.9879719614982605
-0.9976465106010437
-0.7068080306053162
-0.9802299737930298
-0.9955735206604004
-0.9995021820068359
-0.9508867859840393
-0.9373540282249451
-0.8152856230735779
-0.9452728033065796
-0.970391571521759
-0.9948621392250061
-0.9911085367202759
-0.9816223382949829
-0.9891968369483948
-0.9944003224372864
-0.9683158993721008
-0.9766756892204285
-0.9948813915252686
-0.9954438209533691
-0.8878205418586731
-0.7586302757263184
-0.9551834464073181
-0.9967490434646606
-0.997368335723877
-0.9995408058166504
-0.8356003761291504
-0.9987413287162781
-0.990896999835968
-0.9441019296646118
-0.9803699254989624
-0.9719956517219543
-0.9999017715454102
-0.9801400303840637
-0.9759745001792908
-0.9771879315376282
-0.9239614605903625
-0.9904504418373108
-0.9992040991783142
-0.9792807698249817
-0.9975365400314331
-0.8891379833221436
-0.854221522808075
-0.9958963394165039
-0.985536515712738
-0.9606105089187622
-0.9583584070205688
-0.9994668364524841
-0.995337963104248
-0.9913359880447388
-0.9976257681846619
-0.9795448780059814
-0.9908857345581055
-0.9936483502388
-0.8787602186203003
-0.7564928531646729
-0.9389687776565552
-0.9842439889907837
-0.9940504431724548
-0.910268247127533
-0.9644084572792053
-0.9973660111427307
-0.9968608617782593
-0.9733120799064636
-0.9723632335662842
-0.9974672794342041
-0.9760484099388123
-0.9990776777267456
-0.9950329065322876
-0.9606589078903198
-0.9619883894920349
-0.9881817698478699
-0.9688014984130859
-0.9877334833145142
-0.9600340127944946
-0.9774070978164673
-0.9980535507202148
-0.9827706813812256
-0.9876405596733093
-0.9751617908477783
-0.8527499437332153
-0.9743558168411255
-0.9924271106719971
-0.9957833290100098
-0.9929119944572449
-0.983633816242218
-0.9852787256240845
-0.3471129536628723
-0.9997114539146423
-0.9849125742912292
-0.9942202568054199
-0.9681336283683777
-0.9983742237091064
-0.9942816495895386
-0.900210976600647
-0.9982467889785767
-0.6883217096328735
-0.8597181439399719
-0.8382381796836853
-0.9558007121086121
-0.9960683584213257
-0.9662314653396606
-0.9974047541618347
-0.8646934032440186
-0.9946777820587158
-0.9958904981613159
-0.9627999067306519
-0.986882746219635
-0.9836099147796631
-0.9989091157913208
-0.938340961933136
-0.9749451875686646
-0.9990234375
-0.9996927976608276
-0.9877989292144775
-0.9975751042366028
-0.9903457760810852
-0.8430031538009644
-0.7723848819732666
-0.9912548065185547
-0.9809154272079468
-0.9452231526374817
-0.9902282953262329
-0.9953243732452393
-0.9203007817268372
-0.9980295300483704
-0.9908338189125061
-0.8861101269721985
-0.8221136927604675
-0.9978005290031433
-0.9993300437927246
-0.981440007686615
-0.9920628666877747
-0.9122413992881775
-0.9956808090209961
-0.9823800325393677
-0.8204760551452637
-0.9064198732376099
-0.9939080476760864
-0.9306910634040833
-0.9993454813957214
-0.9967461824417114
-0.9876980185508728
-0.9800106287002563
-0.9896550178527832
-0.999895453453064
-0.9025315046310425
-0.9950824975967407
-0.6974831819534302
-0.9974666833877563
-0.8659140467643738
-0.879101037979126
-0.9947561025619507
-0.9947928786277771
-0.9936249256134033
-0.9422551989555359
-0.7343334555625916
-0.923804521560669
-0.9990142583847046
-0.999103844165802
-0.9908818006515503
-0.2961781919002533
-0.9972307085990906
-0.9917615652084351
-0.9485626220703125
-0.9877320528030396
-0.9861639142036438
-0.9986262321472168
-0.9994970560073853
-0.9924667477607727
-0.982225239276886
-0.9748402833938599
-0.9845349788665771
-0.9783074855804443
-0.9175171852111816
-0.9768269658088684
-0.9429740905761719
-0.979369580745697
-0.9870167374610901
-0.43873679637908936
-0.9712669253349304
-0.9990278482437134
-0.9693406224250793
-0.9956896901130676
-0.9900617599487305
-0.9998679161071777
-0.9963592886924744
-0.8969365358352661
-0.9997538924217224
-0.9493329524993896
-0.6251994967460632
-0.9962843060493469
-0.9935920834541321
-0.9986234903335571
-0.9877600073814392
-0.9715459942817688
-0.9916359186172485
-0.996044933795929
-0.8357582688331604
-0.9665084481239319
-0.9984935522079468
-0.9847517609596252
-0.8799293041229248
-0.9931817650794983
-0.9795970320701599
-0.8835363984107971
-0.990436851978302
-0.9961268305778503
-0.5962584018707275
-0.9833086133003235
-0.9999271631240845
-0.7943816184997559
-0.9226406216621399
-0.9910304546356201
-0.9916410446166992
-0.9095730185508728
-0.9787914752960205
-0.9846476316452026
-0.8385052680969238
-0.9929099678993225
-0.9949721097946167
-0.6657025218009949
-0.9742217063903809
-0.8839790225028992
-0.95098477602005
-0.992308497428894
-0.9978869557380676
-0.8785726428031921
-0.9864662289619446
-0.9903200268745422
-0.9975907802581787
-0.998528242111206
-0.9849364161491394
-0.9956114888191223
-0.8532483577728271
-0.9918467998504639
-0.9551548957824707
-0.9971315860748291
-0.8510068655014038
-0.9993625283241272
-0.9209097027778625
-0.9994961023330688
-0.9905955791473389
-0.9965519905090332
-0.9990164041519165
-0.9975665807723999
-0.9952850937843323
-0.9249488115310669
-0.9987653493881226
-0.998012900352478
-0.9812832474708557
-0.992267906665802
-0.9999077320098877
-0.8587744235992432
-0.9931627511978149
-0.9931046366691589
-0.9808969497680664
-0.9973816275596619
-0.5316745042800903
-0.9779141545295715
-0.9948548078536987
-0.3007992208003998
-0.9864880442619324
-0.9973358511924744
-0.050065912306308746
-0.9781903028488159
-0.9610428810119629
-0.9956751465797424
-0.9883149862289429
-0.9982501864433289
-0.7859617471694946
-0.6968889832496643
-0.8697254657745361
-0.9995750784873962
-0.9955139756202698
-0.9438742399215698
-0.9908900856971741
-0.6154466271400452
-0.9779141545295715
-0.9743480682373047
-0.9758264422416687
-0.9841565489768982
-0.9847234487533569
-0.9898921251296997
-0.9797435998916626
-0.9982763528823853
-0.9440194964408875
-0.9737074971199036
-0.9992089867591858
-0.9987471103668213
-0.9999371767044067
-0.9643216729164124
-0.9728276133537292
-0.9201467633247375
-0.9821256399154663
-0.797096312046051
-0.8284799456596375
-0.9376761317253113
-0.7854435443878174
-0.9998487234115601
-0.9740372896194458
-0.9660944938659668
-0.9975160360336304
-0.9999148845672607
-0.990193784236908
-0.9983062744140625
-0.9041920900344849
-0.9845473170280457
-0.9631064534187317
-0.986004650592804
-0.9976344108581543
-0.9971669316291809
-0.8611060380935669
-0.9533786177635193
-0.9204179048538208
-0.16929149627685547
-0.9983118772506714
-0.9523923397064209
-0.996399998664856
-0.9713380932807922
-0.9964267611503601
-0.9934719800949097
-0.9983589053153992
-0.9691184759140015
-0.9873619079589844
-0.9877918362617493
-0.9655297994613647
-0.9954541921615601
-0.9597119688987732
-0.9994658827781677
-0.9836424589157104
-0.39387720823287964
-0.9242380261421204
-0.9993600249290466
-0.9928076267242432
-0.9848393201828003
-0.9993497729301453
-0.6953284740447998
-0.8052341938018799
-0.9150761961936951
-0.9492528438568115
-0.8129351735115051
-0.9959734082221985
-0.9760369062423706
-0.8399194478988647
-0.9998258948326111
-0.706432580947876
-0.9895646572113037
-0.23966962099075317
-0.9884912967681885
-0.9997792840003967
-0.8992490768432617
-0.9993951320648193
-0.9853223562240601
-0.9817689657211304
-0.9988549947738647
-0.09476325660943985
-0.997776210308075
-0.9931812882423401
-0.9974550604820251
-0.9793159365653992
-0.8376347422599792
-0.99339759349823
-0.9231526851654053
-0.9961590766906738
-0.9369468688964844
-0.9812666177749634
-0.9608294367790222
-0.9822002649307251
-0.9849927425384521
-0.9892421364784241
-0.6409536004066467
-0.9753163456916809
-0.9972666501998901
-0.9983382225036621
-0.9559818506240845
-0.9147343635559082
-0.8893907070159912
-0.999553382396698
-0.9867680668830872
-0.9793788194656372
-0.9870086312294006
-0.9551602602005005
-0.9962881803512573
-0.7376824617385864
-0.9891360998153687
-0.8457185626029968
-0.8689584732055664
-0.993124783039093
-0.9989173412322998
-0.772779643535614
-0.9986099004745483
-0.9996534585952759
-0.9125054478645325
-0.9020233750343323
-0.9998581409454346
-0.9063379168510437
-0.30948951840400696
-0.9552037715911865
-0.9865570664405823
-0.9704827070236206
-0.9985124468803406
-0.9970213770866394
-0.9857544898986816
-0.9408191442489624
-0.9990983009338379
-0.9922926425933838
-0.9767662286758423
-0.973334014415741
-0.9935396313667297
-0.9837427139282227
-0.9286926984786987
-0.9997920393943787
-0.9351783990859985
-0.9982522130012512
-0.9998805522918701
-0.9905518293380737
-0.9761700630187988
-0.9936949610710144
-0.98438960313797
-0.9923203587532043
-0.8932675123214722
-0.8729247450828552
-0.9491959810256958
-0.9781699180603027
-0.998231828212738
-0.9540863037109375
-0.9994459748268127
-0.9560012817382812
-0.9471283555030823
-0.9897747039794922
-0.9893634915351868
-0.9798983335494995
-0.9964920878410339
-0.9873653054237366
-0.9159436821937561
-0.958926796913147
-0.9361665844917297
-0.9998718500137329
-0.985501229763031
-0.9807215929031372
-0.7759621143341064
-0.9292773604393005
-0.9783155918121338
-0.9689061045646667
-0.9539397954940796
-0.9159592986106873
-0.9972584247589111
-0.9980863332748413
-0.9932222366333008
-0.9801570177078247
-0.9990460276603699
-0.9942277669906616
-0.9972553849220276
-0.9892815351486206
-0.9908298254013062
-0.997443675994873
-0.9908550977706909
-0.9998193383216858
-0.9812373518943787
-0.9998326301574707
-0.9833840131759644
-0.8836037516593933
-0.9757065773010254
-0.9740474820137024
-0.22395098209381104
-0.909271240234375
-0.9994317889213562
-0.9421484470367432
-0.9766879677772522
-0.9973005652427673
-0.9891562461853027
-0.9731062650680542
-0.998674750328064
-0.9919758439064026
-0.9377791285514832
-0.9908451437950134
-0.9852041006088257
-0.9473323225975037
-0.9918374419212341
-0.9849971532821655
-0.9946122169494629
-0.9976029992103577
-0.9951468110084534
-0.9876393675804138
-0.9922900795936584
-0.9024853110313416
-0.9976751208305359
-0.9778521060943604
-0.998149037361145
-0.9679360389709473
-0.9942063093185425
-0.9325026273727417
-0.9455465078353882
-0.5933938026428223
-0.7707793712615967
-0.8735122680664062
-0.8808282017707825
-0.9761186838150024
-0.9905797839164734
-0.3152262568473816
-0.9959659576416016
-0.9627671241760254
-0.9967067837715149
-0.9894037246704102
-0.9465771317481995
-0.9405635595321655
-0.8699350357055664
-0.9991617202758789
-0.5351526737213135
-0.6299455165863037
-0.9788535833358765
-0.9367748498916626
-0.973352313041687
-0.9908101558685303
-0.996935248374939
-0.4789959192276001
-0.9904131293296814
-0.9866449236869812
-0.9993632435798645
-0.9884741902351379
-0.914110541343689
-0.9945454597473145
-0.9942570328712463
-0.9958828687667847
-0.9891347885131836
-0.8341383934020996
-0.9631096720695496
-0.9369977116584778
-0.9658550024032593
-0.9617091417312622
-0.9910835027694702
-0.9930398464202881
-0.9894435405731201
-0.9777340292930603
-0.9977072477340698
-0.9542492032051086
-0.9981606602668762
-0.7162385582923889
-0.9561014771461487
-0.979670524597168
-0.8954148292541504
-0.9923225045204163
-0.9835350513458252
-0.9943650960922241
-0.9904798865318298
-0.9974954724311829
-0.9549599885940552
-0.9617296457290649
-0.9010320901870728
-0.8392431735992432
-0.9958456158638
-0.9969711303710938
-0.9849027991294861
-0.9740762114524841
-0.9655002355575562
-0.9959691762924194
-0.9472389817237854
-0.9737797379493713
-0.5323306918144226
-0.9708307981491089
-0.9761029481887817
-0.9999665021896362
-0.9972035884857178
-0.9946964979171753
-0.2732042074203491
-0.8973153233528137
-0.984173059463501
-0.9950803518295288
-0.9473990797996521
-0.9981266856193542
-0.22463397681713104
-0.9961472749710083
-0.8528939485549927
-0.9966588020324707
-0.9046695232391357
-0.994485080242157
-0.8739171028137207
-0.9933421015739441
-0.9899056553840637
-0.9722321033477783
-0.9970386028289795
-0.9997854828834534
-0.9979541301727295
-0.929010808467865
-0.7173877358436584
-0.9670449495315552
-0.8300489783287048
-0.8075173497200012
-0.9995703101158142
-0.9979524612426758
-0.9985588192939758
-0.9705672860145569
-0.9903117418289185
-0.8677623867988586
-0.9995834231376648
-0.9881167411804199
-0.702904224395752
-0.9488855004310608
-0.40902185440063477
-0.9962234497070312
-0.9708296656608582
-0.9718232154846191
-0.9888745546340942
-0.9356604814529419
-0.9941682815551758
-0.9712393879890442
-0.9424164295196533
-0.9759677648544312
-0.9293396472930908
-0.09351251274347305
-0.9436761140823364
-0.9966306090354919
-0.9653518199920654
-0.8018901944160461
-0.9447925686836243
-0.9914512038230896
-0.9909394979476929
-0.9987179040908813
-0.980137050151825
-0.6900650262832642
-0.9925646781921387
-0.8685710430145264
-0.9689123630523682
-0.9906574487686157
-0.748273491859436
-0.9895169138908386
-0.9903311729431152
-0.9999188184738159
-0.9907857179641724
-0.9433610439300537
-0.9847418069839478
-0.991557240486145
-0.9796258807182312
-0.9930754899978638
-0.9462001919746399
-0.926665723323822
-0.9973844885826111
-0.994218111038208
-0.5159222483634949
-0.9930006265640259
-0.9989967942237854
-0.9204638600349426
-0.9997285008430481
-0.9959486722946167
-0.9975135326385498
-0.9975675344467163
-0.9855656027793884
-0.9982858300209045
-0.08277194201946259
-0.991271436214447
-0.9830307364463806
-0.9977120161056519
-0.9954404830932617
-0.9431121349334717
-0.9995282888412476
-0.8157740831375122
-0.9790278077125549
-0.9982404708862305
-0.99253910779953
-0.99530029296875
-0.9963535070419312
-0.7825559973716736
-0.9974796175956726
-0.9956967830657959
-0.9992413520812988
-0.9976842403411865
-0.9418385028839111
-0.9980012774467468
-0.948329746723175
-0.9298293590545654
-0.9845752716064453
-0.9243735671043396
-0.979989230632782
-0.9984927177429199
-0.9931977987289429
-0.9981409311294556
-0.9610492587089539
-0.5420550107955933
-0.9998846054077148
-0.84019935131073
-0.9954192638397217
-0.9856048226356506
-0.9150537848472595
-0.3312525749206543
-0.9768692851066589
-0.2966878414154053
-0.9986699819564819
-0.9262385368347168
-0.979872465133667
-0.9943806529045105
-0.9931721687316895
-0.9844486713409424
-0.961249828338623
-0.9991406202316284
-0.9309018850326538
-0.9775879383087158
-0.9660693407058716
-0.9966939687728882
-0.8999225497245789
-0.9923139214515686
-0.9938831329345703
-0.9428538084030151
-0.9690223932266235
-0.9581450819969177
-0.9953441023826599
-0.9635046720504761
-0.9962235689163208
-0.9164870977401733
-0.9876554608345032
-0.9587676525115967
-0.9991613626480103
-0.9714720845222473
-0.9962651133537292
-0.9497522711753845
-0.9962384700775146
-0.4201081693172455
-0.9806588888168335
-0.9947524070739746
-0.9838901162147522
-0.9977747797966003
-0.9952580332756042
-0.9648475050926208
-0.999897837638855
-0.9566136002540588
-0.8857858180999756
-0.9932437539100647
-0.9577722549438477
-0.9071507453918457
-0.9979583024978638
-0.9938380122184753
-0.9854782819747925
-0.9348229169845581
-0.9943422079086304
-0.9832007884979248
-0.9902967810630798
-0.9682677388191223
-0.9946257472038269
-0.9669701457023621
-0.9227695465087891
-0.9586096405982971
-0.974987804889679
-0.9943839311599731
-0.9906690120697021
-0.9957590699195862
-0.9975245594978333
-0.7542596459388733
-0.9958900809288025
-0.9948198199272156
-0.9986692667007446
-0.9772090911865234
-0.9998551607131958
-0.9878115057945251
-0.999652624130249
-0.9884491562843323
-0.9186518788337708
-0.9948529601097107
-0.9472891092300415
-0.9021260142326355
-0.9924693703651428
-0.9904549717903137
-0.49804794788360596
-0.9997201561927795
-0.9753161072731018
-0.9845289587974548
-0.9226537346839905
-0.9985768795013428
-0.9899846315383911
-0.9118424654006958
-0.9722025394439697
-0.9962624907493591
-0.4453519582748413
-0.9369449615478516
-0.998902440071106
-0.9816229343414307
-0.9689439535140991
-0.717802107334137
-0.9890689253807068
-0.9290053248405457
-0.9841761589050293
-0.9978610873222351
-0.9994472861289978
-0.9938335418701172
-0.9565059542655945
-0.8993527293205261
-0.9902400970458984
-0.9825411438941956
-0.2110043317079544
-0.999617338180542
-0.9916496276855469
-0.9849147796630859
-0.9931729435920715
-0.94745934009552
-0.9923946857452393
-0.9721829295158386
-0.9979895353317261
-0.9988480806350708
-0.9991064667701721
-0.999754011631012
-0.9949315190315247
-0.9884812831878662
-0.9915851354598999
-0.9956657290458679
-0.9959515333175659
-0.9544457197189331
-0.9947320222854614
-0.9542801380157471
-0.8156124949455261
-0.9112846851348877
-0.9857935309410095
-0.9995556473731995
-0.9989060163497925
-0.6828287243843079
-0.9993651509284973
-0.9757230281829834
-0.996921181678772
-0.9596761465072632
-0.9899052977561951
-0.9928741455078125
-0.6158354878425598
-0.9984386563301086
-0.9950408339500427
-0.2840219736099243
-0.9539264440536499
-0.9960151314735413
-0.9990390539169312
-0.8651818633079529
-0.9979536533355713
-0.9991425275802612
-0.7765224575996399
-0.9829277396202087
-0.9847241640090942
-0.9533432126045227
-0.94952791929245
-0.9853863716125488
-0.9993622899055481
-0.9978654980659485
-0.8881663680076599
-0.9992363452911377
-0.948162853717804
-0.9625717997550964
-0.9966102242469788
-0.8984631299972534
-0.9988036155700684
-0.9832273721694946
-0.907856822013855
-0.9743587374687195
-0.9973371624946594
-0.9818632006645203
-0.8604482412338257
-0.9996505975723267
-0.3678901493549347
-0.8966636657714844
-0.9965781569480896
-0.8344389200210571
-0.9746102690696716
-0.9647130966186523
-0.9713703989982605
-0.9893626570701599
-0.932929277420044
-0.8046759366989136
-0.9827460050582886
-0.9910315275192261
-0.273141086101532
-0.9983088970184326
-0.9950281977653503
-0.9979333877563477
-0.9978196620941162
-0.9657287001609802
-0.8745765089988708
-0.975184440612793
-0.9981870055198669
-0.9883455038070679
-0.36064550280570984
-0.9749881625175476
-0.9906304478645325
-0.9944267272949219
-0.8959011435508728
-0.998996913433075
-0.967513918876648
-0.992954432964325
-0.9079877138137817
-0.9948540329933167
-0.965789794921875
-0.9822261333465576
-0.943445086479187
-0.9995101690292358
-0.9079819917678833
-0.7078506946563721
-0.9922145009040833
-0.2984575629234314
-0.9981170892715454
-0.9957857728004456
-0.9899405837059021
-0.9988755583763123
-0.8984153270721436
-0.9987574815750122
-0.7939055562019348
-0.992738664150238
-0.9895508885383606
-0.42210331559181213
-0.9986312985420227
-0.9899995923042297
-0.6364202499389648
-0.9776942729949951
-0.987768828868866
-0.2159694880247116
-0.9609924554824829
-0.9895329475402832
-0.9716667532920837
-0.9885755181312561
-0.8210023641586304
-0.9876796007156372
-0.9903033375740051
-0.8637087345123291
-0.9996644258499146
-0.895614743232727
-0.9507854580879211
-0.8432624340057373
-0.998630166053772
-0.9606271982192993
-0.827662467956543
-0.9709685444831848
-0.9990224838256836
-0.9044368863105774
-0.9924880266189575
-0.8456293940544128
-0.999872088432312
-0.9977198243141174
-0.9886794686317444
-0.9787962436676025
-0.9547196626663208
-0.9967809915542603
-0.9405956268310547
-0.9283459186553955
-0.9988701939582825
-0.9808167815208435
-0.887884259223938
-0.925197422504425
-0.982961118221283
-0.9939050078392029
-0.9852199554443359
-0.9875226616859436
-0.9950342178344727
-0.9901548624038696
-0.9961124062538147
-0.9962052702903748
-0.9870059490203857
-0.9190325140953064
-0.9971203804016113
-0.9794114232063293
-0.9010270833969116
-0.9699804186820984
-0.9917386174201965
-0.9943034648895264
-0.9982763528823853
-0.9639520049095154
-0.999893069267273
-0.9594520330429077
-0.989875078201294
-0.9962702989578247
-0.9368045330047607
-0.9565913677215576
-0.971634030342102
-0.6358845233917236
-0.9884787201881409
-0.9998844861984253
-0.9705840945243835
-0.9993835687637329
-0.829519510269165
-0.7489635944366455
-0.993976354598999
-0.9429019093513489
-0.9414079189300537
-0.9410927295684814
-0.991980791091919
-0.9941813349723816
-0.9912512898445129
-0.9215893745422363
-0.9994593262672424
-0.9251011610031128
-0.9873234629631042
-0.9768831729888916
-0.9999340772628784
-0.9366401433944702
-0.9988182187080383
-0.9992910623550415
-0.9543503522872925
-0.9953449368476868
-0.9989824891090393
-0.9817078113555908
-0.9768262505531311
-0.9848724603652954
-0.999796450138092
-0.9909490942955017
-0.9871020913124084
-0.9886202812194824
-0.9689253568649292
-0.9348393678665161
-0.9969250559806824
-0.8912680745124817
-0.998828113079071
-0.9942712783813477
-0.9933879375457764
-0.9948698282241821
-0.9843401908874512
-0.9924523234367371
-0.9977331161499023
-0.9970320463180542
-0.6513263583183289
-0.9999396800994873
-0.9998382329940796
-0.9956961870193481
-0.9976480603218079
-0.9984690546989441
-0.8806771039962769
-0.9993941783905029
-0.8724947571754456
-0.989431619644165
-0.9796899557113647
-0.9949394464492798
-0.8550048470497131
-0.9992647767066956
-0.9466009140014648
