-1.5378817319869995
-2.4076480865478516
-4.534756660461426
-1.8643289804458618
-0.20211410522460938
-2.233703136444092
-3.128476619720459
-1.9330166578292847
-3.078092098236084
-3.0478315353393555
-2.2302918434143066
-4.464430809020996
-3.251521110534668
-4.077465057373047
-2.7695746421813965
0.9405206441879272
-4.000625133514404
-2.118544101715088
-1.0336908102035522
-7.053874969482422
-2.653329849243164
-3.415616989135742
-5.062281131744385
-2.1692495346069336
-2.333876132965088
-0.9959200620651245
0.2988286018371582
-6.205394268035889
-3.7987451553344727
-2.9918832778930664
-0.4103933572769165
-4.213683605194092
-3.930248260498047
-2.3701558113098145
-3.857231616973877
-2.865422248840332
-3.505016803741455
-7.415310859680176
-2.2925472259521484
-2.74838924407959
-2.9304022789001465
-5.211205959320068
-5.332479953765869
-4.273905277252197
-4.86509895324707
1.0352696180343628
-2.349201202392578
-1.1191176176071167
-1.8316797018051147
-2.428969383239746
-3.106893539428711
-3.550938606262207
-2.256624221801758
-4.83500862121582
-4.5475592613220215
-2.7070212364196777
-6.103645324707031
-0.17148864269256592
-5.648375511169434
-2.384556770324707
-2.1379261016845703
-2.642961025238037
-2.7575340270996094
-1.217460036277771
-2.655478000640869
-4.785876750946045
-4.8441314697265625
-2.105595111846924
-3.5292701721191406
-4.112137794494629
-3.6540513038635254
-3.1912922859191895
-3.5857019424438477
-3.0322723388671875
-2.660872459411621
-4.896271705627441
-2.2672019004821777
-3.698537826538086
-4.240015029907227
-1.3416920900344849
-6.5619096755981445
-4.216949462890625
-3.3755483627319336
-4.226748943328857
-4.465660572052002
-2.7822341918945312
-3.1965832710266113
-2.3744611740112305
-3.7227840423583984
-3.518521308898926
-4.159557819366455
-2.084109306335449
-3.0493226051330566
-2.665585517883301
-1.3298450708389282
-4.051412105560303
-1.6819463968276978
-3.799638271331787
-2.330629348754883
-2.5375847816467285
-5.424116134643555
-0.7427730560302734
-3.064110279083252
-1.16840660572052
-2.9759740829467773
-3.0891823768615723
-2.9710068702697754
-3.700923442840576
-2.1169838905334473
0.3409106731414795
-1.9430705308914185
0.8704826831817627
-3.294735908508301
-1.4571915864944458
-5.927577018737793
-2.3457627296447754
-2.8742761611938477
-1.2720638513565063
-2.7938690185546875
-1.1574448347091675
-3.939699172973633
-1.8118740320205688
-1.8911131620407104
-2.819033145904541
-2.4656877517700195
-1.3626052141189575
-1.0069392919540405
-3.246936798095703
-1.3689316511154175
-1.2248855829238892
-1.3177179098129272
-3.490206241607666
-3.1051011085510254
-5.847622871398926
-2.9244914054870605
-6.21505069732666
-3.888195514678955
-1.3825265169143677
-2.5001654624938965
-2.75100040435791
-3.8600239753723145
-4.122228145599365
-3.3218021392822266
-3.1757302284240723
-2.857576847076416
-1.5928882360458374
-2.4344582557678223
-3.7782998085021973
-4.34458065032959
-4.20459508895874
-1.9541360139846802
-1.5581640005111694
-2.2577199935913086
-4.747957706451416
-4.175735950469971
-1.1526600122451782
-2.2527575492858887
-2.198375701904297
-1.5749531984329224
-1.6837152242660522
-2.79118013381958
-2.6301636695861816
-2.6280741691589355
-1.9143887758255005
-4.367992401123047
-2.225923538208008
-3.4462532997131348
-3.061953067779541
-2.8134255409240723
-3.6583900451660156
-3.394618034362793
-3.2131943702697754
-3.715240955352783
-4.880015850067139
-2.064929962158203
-3.3665828704833984
-3.0413355827331543
-6.099878311157227
-1.079795479774475
-1.3475579023361206
-1.7185686826705933
-5.175684928894043
-3.233078956604004
-1.2246631383895874
-3.4705309867858887
-3.2658209800720215
-3.60420560836792
-5.070371150970459
-3.678107738494873
-4.090860366821289
-4.738092422485352
-4.939597129821777
-1.5082067251205444
-4.432671070098877
-3.4408655166625977
-3.3243284225463867
-4.239859580993652
-4.899551868438721
-3.385838508605957
-5.183785915374756
-2.2506580352783203
-1.0772913694381714
-4.279909133911133
-5.910129547119141
-1.365233302116394
-1.9287108182907104
-2.7784790992736816
-5.07035493850708
-4.20559024810791
-2.959695339202881
-3.2009339332580566
-1.5646697282791138
-5.344148635864258
0.3345547318458557
-3.7304811477661133
-4.075750827789307
-4.565433025360107
-3.485351085662842
-3.166761875152588
-2.1832547187805176
-5.039403915405273
-3.2623720169067383
-0.9723230600357056
-5.962053298950195
-3.460631847381592
-2.3274688720703125
-2.1844515800476074
-2.0212936401367188
-1.1865671873092651
-0.9184237718582153
-1.9702893495559692
-3.951997756958008
-5.846872806549072
-3.941056728363037
-4.362847805023193
-1.7605477571487427
-3.1401281356811523
-1.7781306505203247
-4.784684658050537
-3.654216766357422
-2.6150732040405273
-3.612600326538086
-2.15250301361084
-1.7794512510299683
-2.804957866668701
-3.516113758087158
-3.152552604675293
-3.8374924659729004
-3.2348837852478027
-4.824507236480713
-3.3320655822753906
-5.714306831359863
-2.744696617126465
-2.20379638671875
-3.615692138671875
-2.2745938301086426
-3.3588075637817383
-2.118302345275879
-3.470386505126953
-4.365413188934326
-5.762301445007324
-0.5346001386642456
-3.330353260040283
-4.449632167816162
-3.2868995666503906
-3.842008590698242
-2.690155029296875
-4.031893730163574
-4.652690410614014
-2.506998062133789
-1.3718229532241821
-5.11658239364624
-7.470114707946777
-2.403688907623291
-4.974099159240723
-4.03296422958374
-3.4060215950012207
-4.854488849639893
-1.4749468564987183
-2.533480644226074
0.12285798788070679
-4.117463111877441
-1.5655192136764526
0.054800570011138916
-2.969062328338623
-4.216756820678711
-4.168145656585693
-3.0675048828125
-1.3186737298965454
-3.668642997741699
-2.713984489440918
-5.6949968338012695
-4.256023406982422
-2.440767765045166
-3.757673740386963
-6.87598180770874
-2.8434295654296875
-2.106698513031006
-7.1273040771484375
-2.801854133605957
-5.416508197784424
-3.0616579055786133
-1.3962026834487915
-4.826722145080566
-3.4867944717407227
-3.759671211242676
-4.406003952026367
-2.8589282035827637
-0.6932241916656494
-1.905091643333435
-2.0026769638061523
-2.612173080444336
-3.062324047088623
-2.474748134613037
-1.806878924369812
-5.356054782867432
-3.3931264877319336
-2.0148162841796875
-1.8713587522506714
-2.033041477203369
-4.237642288208008
-4.385988235473633
-5.491666316986084
-0.7804703712463379
-4.339362621307373
-5.193306922912598
-5.46096658706665
-4.02159309387207
-2.8547654151916504
-3.317143440246582
-3.3028125762939453
-1.9095782041549683
-3.8919014930725098
-2.2762527465820312
-1.842142939567566
-2.236990451812744
-3.311763286590576
-2.1008596420288086
-0.7512110471725464
-5.070285320281982
-1.4685128927230835
-1.1193422079086304
-3.1760268211364746
-2.6549344062805176
-3.38887882232666
-3.1115870475769043
-2.2040634155273438
-5.0469794273376465
-1.9091373682022095
-3.2799835205078125
-1.8364237546920776
-4.216632843017578
-2.6353840827941895
-4.3544020652771
0.660073459148407
-2.3138866424560547
-1.6167391538619995
-2.3099656105041504
-2.5327515602111816
-2.043598175048828
-5.1879563331604
-4.140913486480713
-3.076293468475342
1.7258942127227783
-3.962980270385742
-3.16787052154541
-3.5477333068847656
-2.493384838104248
-1.854275107383728
-2.273159980773926
-3.686394691467285
-1.7447227239608765
-4.324830055236816
-3.4081215858459473
-3.4569993019104004
-3.5340051651000977
0.015527844429016113
-0.6944379806518555
-4.619804382324219
-5.578676700592041
-3.208162307739258
-2.774137496948242
-3.132143020629883
-3.3428421020507812
-4.177710056304932
-2.6034398078918457
-1.9000149965286255
-3.686972141265869
-3.5163464546203613
-3.8430333137512207
-5.015748977661133
-4.405999660491943
-1.524776816368103
-2.9768786430358887
-0.21278297901153564
-0.24675095081329346
-2.81564998626709
-4.724990367889404
-3.2875356674194336
-5.416135787963867
-1.909105658531189
-2.4641003608703613
-2.575284004211426
-3.350558280944824
-1.4287878274917603
-4.082333564758301
-2.135498046875
-3.819042682647705
-4.093616485595703
-4.704656600952148
-3.2578563690185547
-1.392905354499817
-2.1148757934570312
-4.126969814300537
-3.268428325653076
-4.472105503082275
-2.939859390258789
-5.296045780181885
-3.583735466003418
-2.1707115173339844
-4.067386150360107
-0.646817684173584
-2.631869316101074
-4.4555230140686035
-3.68961763381958
-3.299264907836914
-3.590850830078125
-4.669399261474609
-5.209349632263184
-3.004054069519043
0.041785359382629395
-3.8482742309570312
-6.351964950561523
-1.394584059715271
-3.3291263580322266
-6.343164920806885
-3.6391124725341797
-0.7806625366210938
-1.584445595741272
-1.5105644464492798
-1.60425865650177
-2.7511367797851562
-4.645846366882324
-3.4035768508911133
-3.9019742012023926
-1.2594088315963745
-4.46486234664917
-2.9300708770751953
-5.126177787780762
-4.34645938873291
-4.339378356933594
-3.634059429168701
-0.8583294153213501
-1.4786261320114136
-4.913873195648193
-2.3262152671813965
-4.564538478851318
-1.9934560060501099
-1.6254159212112427
-5.287233829498291
-3.8737454414367676
-4.3744659423828125
-3.664527416229248
-4.649821758270264
-3.6357760429382324
-3.478757858276367
-1.8860386610031128
-2.8009982109069824
-5.771167278289795
-2.392948627471924
-0.600255012512207
-2.515594005584717
-3.2375497817993164
-3.2533745765686035
-4.699788570404053
-3.1492323875427246
-3.958310127258301
-3.5492167472839355
-2.3411765098571777
-0.9920259714126587
-4.883098125457764
-3.8213014602661133
-3.765674114227295
-3.680765151977539
-4.098913192749023
-1.3056799173355103
-2.610299587249756
-3.5466365814208984
-0.36817312240600586
-5.935637950897217
-2.760195732116699
-1.1494303941726685
-0.4368044137954712
-3.405167579650879
0.38926833868026733
-5.115991115570068
-4.8439226150512695
-1.9260913133621216
-2.439426898956299
-3.990579128265381
-0.7807360887527466
-2.170429229736328
-2.36661434173584
-4.4177374839782715
-3.7207398414611816
-2.901945114135742
-1.487796425819397
-2.1160688400268555
-4.843513011932373
-3.284165382385254
0.3681456446647644
-1.7969480752944946
-4.639954566955566
-2.8701515197753906
-3.479400157928467
-3.7195396423339844
-1.0527504682540894
0.03140127658843994
-3.999274253845215
-3.178290843963623
-6.3864240646362305
-3.7912936210632324
-5.433067321777344
-1.9194456338882446
-4.283126354217529
-3.3519716262817383
-1.8423413038253784
-4.351498126983643
-4.075567722320557
-3.6994500160217285
-4.69842529296875
-3.612781524658203
-3.2953624725341797
-5.806490421295166
-1.9401925802230835
-2.5926780700683594
-1.8605760335922241
-1.1455212831497192
-6.019993305206299
-1.3379424810409546
-2.686985492706299
-1.4359270334243774
-2.392355442047119
-2.031972885131836
-0.306925892829895
-3.7598018646240234
-4.826028823852539
-2.90726900100708
-1.6424797773361206
-5.1376752853393555
-2.522059440612793
-1.4783035516738892
-4.165942192077637
-1.5258375406265259
-2.6256470680236816
-3.3839364051818848
-3.7464756965637207
-2.678110122680664
-4.234094619750977
-4.626003742218018
-2.622255802154541
-0.7298198938369751
-0.9649671316146851
-3.7176504135131836
-3.237520217895508
-5.890432834625244
-3.77091121673584
-4.97738790512085
-4.2246012687683105
-2.223879337310791
-3.9519529342651367
-4.173652172088623
-5.277241230010986
-5.016628265380859
-2.0927133560180664
-3.337055206298828
-5.089084148406982
-1.4877973794937134
-2.414724349975586
-0.7455085515975952
-2.0508928298950195
-3.719712257385254
-1.565317988395691
-1.952471375465393
-3.212388515472412
-3.739071846008301
0.34416961669921875
-4.0498833656311035
-0.35846519470214844
-4.0065531730651855
-3.2670984268188477
-2.6273250579833984
-1.3110727071762085
-0.5547629594802856
-2.687140941619873
-3.281358242034912
-3.1141810417175293
-4.932892799377441
-1.9785479307174683
-4.115776062011719
-1.9738181829452515
-4.56000280380249
-2.680981159210205
-5.695272445678711
-4.545775413513184
-3.6708741188049316
-1.7557185888290405
-4.898468494415283
-0.9709409475326538
-5.272614002227783
-1.141365647315979
-2.463740825653076
0.2345162034034729
-1.0132838487625122
-1.6231950521469116
-1.540927529335022
-0.6177009344100952
-3.4712138175964355
-2.645942211151123
-1.2802304029464722
-2.5018935203552246
-3.8193302154541016
-2.267672061920166
-3.459095001220703
-3.7124361991882324
-1.7332462072372437
-3.272487163543701
-1.0278362035751343
-3.4528846740722656
-4.252048492431641
-4.482388496398926
-4.519021987915039
-3.1270828247070312
-5.029979705810547
-2.2293448448181152
-4.6445393562316895
-4.1977105140686035
-4.492513179779053
-3.2571959495544434
-4.958432197570801
-2.7382431030273438
-4.577322483062744
-3.122913360595703
-5.896033763885498
-1.6146491765975952
-3.9420089721679688
-0.8870266675949097
-1.3771592378616333
-3.843438148498535
-3.7565107345581055
-2.3678083419799805
-0.8088464736938477
-4.530643939971924
-2.880188465118408
-2.8601136207580566
-1.4134482145309448
0.9755510091781616
-1.422946572303772
-2.5921621322631836
-1.4979225397109985
-3.1504173278808594
-5.5634541511535645
-2.1202173233032227
-1.731857419013977
-2.2208619117736816
-2.696662425994873
-3.5314908027648926
-4.391335964202881
-2.109001636505127
0.2696499824523926
-2.93320894241333
-1.763609766960144
-2.2061409950256348
-4.219943523406982
-2.371140956878662
-2.5169572830200195
-1.6340349912643433
-2.875152587890625
-3.764439105987549
-5.467356204986572
-5.358231067657471
-3.0807595252990723
-4.27129602432251
-3.9006781578063965
-6.960139274597168
-2.2298202514648438
-1.186806321144104
-3.2859697341918945
-2.9420714378356934
-3.2957615852355957
-5.197746753692627
-2.834321975708008
-3.077098846435547
-2.5451836585998535
-3.3939900398254395
-2.569624423980713
-0.7777676582336426
-6.6144232749938965
-1.571567416191101
-2.061490535736084
-5.163712978363037
-2.945312976837158
-4.656325340270996
-3.7927780151367188
-1.756555199623108
-3.044891357421875
-4.1955742835998535
-5.744901657104492
-2.497103214263916
-2.9522976875305176
-1.410504937171936
-6.612037181854248
-1.4145535230636597
-3.699075222015381
-2.327484130859375
0.8669633865356445
-3.677419662475586
-5.219847679138184
-2.3685269355773926
-4.233954429626465
-4.778951168060303
-3.331719398498535
-3.0389790534973145
-2.6446776390075684
-3.338508129119873
-3.783252239227295
-3.7100272178649902
-5.226278305053711
-3.552765369415283
-1.4892667531967163
-3.705996036529541
-2.8288826942443848
-1.4200316667556763
-2.4948315620422363
-2.604933261871338
-1.9714659452438354
-1.950943112373352
-2.0801591873168945
-2.0923852920532227
-6.226111888885498
-3.159079074859619
-4.51706075668335
-2.5849146842956543
-7.397553443908691
-3.433356761932373
-2.4057960510253906
-3.9733729362487793
-4.308136463165283
-4.1470232009887695
-4.797807693481445
-3.0006346702575684
-1.3887792825698853
-1.4215439558029175
-5.613245010375977
-4.8210930824279785
-2.319770336151123
-3.4524617195129395
-1.99346125125885
-1.1285136938095093
-3.9918227195739746
-0.9401736259460449
-2.7025084495544434
-3.761732578277588
-4.134108543395996
-0.19691836833953857
-1.2731021642684937
0.31064486503601074
-4.4431233406066895
-2.2709741592407227
-2.050563335418701
-4.2597575187683105
-3.0871992111206055
1.0193642377853394
-1.308921217918396
-2.432969570159912
-1.3433412313461304
-2.3212032318115234
-1.0744761228561401
-3.35306453704834
-2.89479923248291
-4.8959455490112305
-5.427926063537598
-2.84737491607666
-3.880420684814453
-4.020139217376709
-2.588718891143799
-3.4486641883850098
-5.672800064086914
-1.0041776895523071
-2.0940537452697754
-5.336343288421631
-0.613150954246521
-3.143716335296631
-5.3084492683410645
-3.698526382446289
-4.2522406578063965
-2.4969778060913086
-4.596855163574219
-2.484722137451172
-3.4408798217773438
-2.3411383628845215
-2.2332682609558105
-0.7637823820114136
0.21960073709487915
-4.7768096923828125
-4.554717063903809
-3.529801845550537
-4.8590521812438965
-4.95229959487915
-1.3147481679916382
-3.2960119247436523
-2.9669642448425293
-2.857151985168457
-1.6045974493026733
-3.508820056915283
-1.8616737127304077
0.5243738889694214
-1.7095564603805542
-3.233952045440674
-3.4619455337524414
-2.2954788208007812
-3.499663829803467
-4.988138198852539
-7.147327423095703
-2.7624359130859375
-2.359138011932373
-3.394601821899414
-2.876765251159668
-3.508420944213867
-4.3435959815979
-2.461601734161377
-1.3370519876480103
-7.753278732299805
0.934725284576416
0.7260822653770447
-2.4359917640686035
-3.842158794403076
-6.899400234222412
-2.4185433387756348
-4.466926097869873
-5.368955135345459
-4.914268493652344
-4.4536566734313965
-2.290184497833252
-2.7612810134887695
-3.710132598876953
-3.446906566619873
-3.6323304176330566
-5.513900279998779
-1.0987869501113892
-2.708587646484375
-4.58927583694458
-3.416207790374756
-3.3454294204711914
-2.7859816551208496
-4.406424045562744
-3.849994659423828
-0.3519090414047241
-4.151322364807129
-5.124096393585205
0.5392069220542908
-0.49719130992889404
-5.318387985229492
-5.0733418464660645
-3.28108549118042
-2.9857168197631836
-4.098968505859375
-2.126847743988037
-3.3328871726989746
-4.695354461669922
0.390316367149353
-5.442376613616943
-2.749199867248535
-5.533232688903809
-3.122602939605713
-4.245887756347656
-1.6047443151474
-3.862722873687744
-4.262348651885986
-5.819169044494629
-4.770474433898926
-4.62164306640625
-2.312191963195801
-2.752746105194092
-4.021603107452393
-3.9496564865112305
-4.111114501953125
-2.6603293418884277
0.011267900466918945
-4.1749982833862305
-1.378212809562683
-4.678092956542969
-3.0159850120544434
-1.600892424583435
0.4347207546234131
-3.455491065979004
-4.32452392578125
0.20965182781219482
-6.101701736450195
-0.24571692943572998
-3.9531631469726562
-5.750980377197266
-5.079283237457275
-2.087952136993408
-2.83254337310791
-0.6193751096725464
-0.9374659061431885
-1.653375267982483
-5.020139694213867
-4.527808666229248
-4.617096424102783
-2.186001777648926
-1.0349980592727661
-2.2061691284179688
-1.1551686525344849
-4.07792854309082
-3.247098445892334
-3.6917405128479004
-3.5987277030944824
-3.156982421875
-3.400759696960449
-0.28208279609680176
-2.115732192993164
-4.66038179397583
-3.1657233238220215
-7.0195722579956055
-2.393270969390869
-1.9849241971969604
-1.9006577730178833
-2.5889577865600586
-4.457911968231201
-2.532792091369629
-0.43418073654174805
-4.271946430206299
0.10033649206161499
-5.549544334411621
-2.662324905395508
-2.537203788757324
-2.741154670715332
-4.993583679199219
-3.764669895172119
-1.7242342233657837
-5.9208083152771
-2.8263297080993652
-2.8780102729797363
-4.5312652587890625
-3.384131908416748
-3.7283854484558105
-1.4794365167617798
-4.189515113830566
-3.2057576179504395
-3.7997779846191406
-2.8669023513793945
-2.9379281997680664
-3.7182068824768066
-1.8712033033370972
-1.7126141786575317
-1.7417725324630737
-3.5070104598999023
-3.336805820465088
-0.48202788829803467
-2.98764705657959
-4.646186828613281
-4.539867877960205
-4.582106590270996
-1.1076537370681763
-3.6336708068847656
-5.460520267486572
-2.668368339538574
-2.4605612754821777
-3.1882715225219727
-3.8808231353759766
-1.186785101890564
-2.9787449836730957
-2.4265694618225098
-4.532096862792969
-1.905854344367981
-6.500452518463135
-2.323972702026367
-3.9243016242980957
-2.7949790954589844
-6.404820919036865
-5.5987324714660645
-2.588324546813965
-4.379562854766846
-2.8093671798706055
-0.9871572256088257
-4.730080604553223
-0.23929643630981445
-0.4918701648712158
-4.847658634185791
-4.2003703117370605
-3.7473273277282715
-4.345041275024414
-1.4357174634933472
-2.0365242958068848
-5.340119361877441
-4.3229289054870605
0.1441800594329834
-3.941291332244873
-3.9197754859924316
-4.538652420043945
-2.65401029586792
-1.739906907081604
-5.236970901489258
-1.8874491453170776
-3.555309772491455
-3.7468276023864746
-4.464390277862549
-2.942483425140381
-4.3928399085998535
-2.96403169631958
-0.6537597179412842
-4.594166278839111
-5.025897979736328
-1.2070719003677368
-2.5705771446228027
-4.041199207305908
-3.98197078704834
-3.5093069076538086
-3.529189109802246
-2.075225353240967
-4.440007209777832
-5.136056423187256
-2.7835006713867188
-1.1837986707687378
-3.4155220985412598
-2.780949592590332
-4.575879096984863
-3.9134702682495117
-0.8022125959396362
-5.658627510070801
-2.777574062347412
-1.240923285484314
-1.6042176485061646
-2.4238386154174805
-2.441020965576172
-1.6456259489059448
-2.6363162994384766
-3.598862648010254
-2.701779842376709
-2.3735146522521973
-3.3411784172058105
-4.463560104370117
-3.041184425354004
-3.605520725250244
-5.314223766326904
-0.017103075981140137
-2.324093818664551
-2.303642749786377
-4.0035271644592285
-3.4321165084838867
-1.571907877922058
-1.4137581586837769
-3.3981099128723145
-2.776900291442871
-4.079787254333496
-2.989746570587158
-2.505772113800049
-2.913421154022217
-2.934271812438965
-2.0212645530700684
-2.8604860305786133
0.029549717903137207
-7.860764503479004
-4.695684909820557
-4.277964115142822
-3.625861167907715
-1.4101001024246216
-3.1851229667663574
-1.5983604192733765
-4.373089790344238
-3.0037741661071777
-4.306755542755127
-5.035650253295898
-4.905734062194824
-3.0411124229431152
-3.544149875640869
-0.9694424867630005
-2.6344528198242188
-4.646273612976074
-3.048591136932373
-3.2370386123657227
-1.5215364694595337
-1.9328211545944214
-5.327524662017822
-3.9986863136291504
-2.413827896118164
-1.8444284200668335
-1.4254788160324097
-4.062473297119141
-3.597817897796631
-6.685083866119385
-4.010162830352783
-1.9212623834609985
-1.5552176237106323
-6.106953144073486
-1.7828925848007202
-5.465938568115234
-3.4892830848693848
-6.1333770751953125
-2.2409486770629883
-3.38620662689209
-2.4301719665527344
-5.007577896118164
-3.1491947174072266
-2.7226247787475586
-3.0416178703308105
-3.813715934753418
-1.7556208372116089
-4.351816177368164
-3.2527270317077637
-2.977607250213623
-4.016270637512207
-2.138735294342041
-1.3717626333236694
-2.8459510803222656
-3.143587589263916
-3.9606876373291016
-1.2481898069381714
-5.966366767883301
-2.5138955116271973
-4.892000675201416
0.9990994930267334
-6.384490966796875
-3.4803466796875
-3.671750545501709
-3.827558994293213
-2.4114837646484375
-4.553177356719971
-4.940733909606934
-3.632693290710449
-3.498903751373291
-0.7725374698638916
-1.5053421258926392
-1.166707158088684
-5.942178726196289
-4.282972812652588
-3.920705795288086
-1.739010214805603
-3.769670009613037
-5.1212873458862305
-1.7742723226547241
-5.471180438995361
-3.609468460083008
-1.4526690244674683
-3.12984037399292
-0.6058614253997803
-3.507307529449463
-6.281185150146484
-3.088491916656494
-0.19346225261688232
-4.23666524887085
-3.7171783447265625
-0.959579586982727
-1.1975048780441284
-4.445165634155273
-2.101046085357666
-3.463627338409424
-5.701410293579102
-5.246860980987549
-3.1097230911254883
-2.633823871612549
-1.4842075109481812
-2.592933177947998
-3.2189950942993164
-5.370672702789307
-6.358342170715332
-6.206151962280273
-4.53387975692749
-3.7118330001831055
-0.2336885929107666
-4.17786979675293
-2.7366557121276855
-2.798766613006592
-1.1101213693618774
-2.995481014251709
-0.6120313405990601
-2.2076663970947266
-1.9250565767288208
-2.6789345741271973
-1.6336876153945923
-4.443881988525391
-3.4472570419311523
-2.0903091430664062
-4.1914286613464355
-1.4443551301956177
-1.0099114179611206
-3.2414979934692383
-5.213608264923096
-2.9083499908447266
-4.107393264770508
-2.7960987091064453
-5.644076824188232
-1.597021460533142
-2.3725996017456055
-3.801194190979004
0.25984400510787964
-4.888675689697266
-0.5695457458496094
-3.5060949325561523
-4.264406681060791
-2.204521656036377
-4.8935770988464355
-3.499636650085449
-3.0251307487487793
-1.4455221891403198
-4.375646591186523
-6.257835388183594
-4.878312110900879
-2.660524845123291
-3.2894644737243652
-4.216854572296143
-0.3400096893310547
-2.1804823875427246
-2.7028517723083496
-5.603132247924805
-5.45143985748291
-2.498201370239258
-4.225565433502197
-2.4733357429504395
-3.638239860534668
-3.232273578643799
-4.7619194984436035
-2.1011929512023926
-5.865733623504639
-3.6017537117004395
-5.297341823577881
-3.500659465789795
-1.9230839014053345
-3.064289093017578
-1.1485828161239624
-4.729281902313232
-4.005970478057861
-1.2573200464248657
-4.661020755767822
-5.035780906677246
-3.5850353240966797
-3.2453012466430664
-2.972832202911377
-3.546478271484375
-1.1318336725234985
-3.0530848503112793
-0.20019257068634033
-3.2873239517211914
-1.6035774946212769
-2.9402589797973633
-4.224085807800293
-5.980121612548828
-2.2261457443237305
-3.62081241607666
-2.992051601409912
-3.5083470344543457
0.20180779695510864
-1.2005668878555298
-3.128410816192627
-0.25329864025115967
-3.0367541313171387
-2.123300552368164
-4.658235549926758
-4.856550216674805
-2.837556838989258
-3.9545388221740723
-4.27761697769165
-2.2219114303588867
-4.709966659545898
-0.47797882556915283
-1.3476539850234985
-3.8204050064086914
-1.0598770380020142
-0.07078492641448975
-4.214541435241699
-4.087838172912598
-3.373051643371582
-3.3423643112182617
-1.125914454460144
-1.3559881448745728
0.2042641043663025
-1.0719915628433228
-4.804464817047119
-3.3568549156188965
-3.1514291763305664
-0.8650437593460083
-4.907902717590332
-1.567290186882019
-3.319803237915039
-2.036818504333496
-5.8911871910095215
-4.910353660583496
-3.3724164962768555
-3.3377461433410645
-5.120182037353516
-1.1571282148361206
-3.148365020751953
-3.469666004180908
0.3705994486808777
-4.91561222076416
-2.1857447624206543
-3.7886762619018555
-2.2034692764282227
-1.7694116830825806
-0.792550802230835
-1.1132439374923706
-2.9633283615112305
-6.131588459014893
-4.009944915771484
-2.259636402130127
-3.2043094635009766
-3.6372194290161133
-3.651515007019043
-4.289945125579834
-1.7461382150650024
-2.9106249809265137
-4.36411714553833
-4.3694329261779785
-0.11166894435882568
-2.2644782066345215
-5.201797962188721
-0.9107812643051147
-1.9276810884475708
-5.715811729431152
-2.9682717323303223
-3.7328667640686035
-2.9287476539611816
-2.123821258544922
-3.1177430152893066
0.5990116596221924
-3.4836230278015137
-5.0567450523376465
-4.0956621170043945
-3.728121280670166
-4.937880516052246
-2.407641887664795
-3.259673595428467
-2.6269679069519043
-4.872438907623291
-3.1736607551574707
-1.2439161539077759
-4.684440612792969
-0.17469894886016846
-2.066035747528076
-4.564654350280762
-3.5888419151306152
-1.3059710264205933
-2.603853702545166
-1.83895742893219
-4.677164077758789
-2.869762420654297
-1.2505964040756226
-0.12614142894744873
-5.218563556671143
-3.811166763305664
-2.684720993041992
-4.699606418609619
-4.066054821014404
-5.363189220428467
-4.460582733154297
-0.9019438028335571
-2.156574249267578
-5.621699333190918
-4.207874298095703
-0.4340890645980835
-1.3958202600479126
-1.0143316984176636
-3.9229531288146973
-0.4144275188446045
-4.276169776916504
-4.067453861236572
-3.4615731239318848
-2.0119576454162598
-2.3458352088928223
-2.972407341003418
-0.2946540117263794
-2.937274932861328
-4.1248698234558105
0.6356716156005859
-1.652945876121521
-3.95798921585083
-1.9272559881210327
-3.275742530822754
-5.9243669509887695
-3.145195960998535
-3.797880172729492
-1.5537604093551636
-0.6068944931030273
-1.483721137046814
-5.5239763259887695
-3.347257137298584
-5.481818675994873
-4.613870143890381
0.5767673850059509
-5.354807376861572
-3.6912240982055664
-4.612746238708496
-0.8558641672134399
-3.078930377960205
-0.3956092596054077
-5.248897552490234
-2.4202680587768555
-3.8080220222473145
-0.2774108648300171
-5.0969109535217285
-3.0485401153564453
-4.2556867599487305
-1.2324036359786987
-3.096212387084961
-1.855648159980774
-1.0812028646469116
-4.015091419219971
-3.5672435760498047
-4.017430782318115
-5.147603511810303
-3.2090673446655273
-3.8360490798950195
-6.429062843322754
-6.74254035949707
-0.9974764585494995
-3.714447021484375
-6.401054382324219
-0.7686278820037842
-3.800870895385742
-5.226248264312744
-4.063508033752441
-3.063694477081299
-2.960946559906006
-3.7074995040893555
-2.7582054138183594
-2.90036678314209
-4.679315090179443
-4.561652183532715
-5.23623514175415
-2.7808475494384766
-3.6875057220458984
-2.3805437088012695
-4.261220455169678
-2.9813852310180664
-3.0391898155212402
-4.042906761169434
-3.2853517532348633
-6.9324517250061035
-0.8377367258071899
-3.725064277648926
-4.799931049346924
-2.4425206184387207
-4.798774242401123
-4.355808734893799
-5.387223720550537
-2.8999180793762207
-4.969916343688965
-1.9464482069015503
-4.6591596603393555
-4.408930778503418
-3.483025550842285
1.0743190050125122
-2.831252098083496
-5.704389572143555
-3.2562928199768066
-4.366243839263916
-1.5200198888778687
-3.072237491607666
-2.5585403442382812
-3.2302298545837402
-2.7725539207458496
-2.2320404052734375
-3.682559013366699
-2.0545244216918945
-4.930587291717529
-2.300523281097412
-3.465073585510254
-4.671761512756348
-1.6209744215011597
-4.394528388977051
-2.524137496948242
-3.901791572570801
-6.010656833648682
-3.8227367401123047
-4.160799026489258
-5.168866157531738
-1.2853518724441528
-0.5827142000198364
-4.202219009399414
-4.485317707061768
-3.973935127258301
-3.298670768737793
-4.429232120513916
-4.182101249694824
-3.632519245147705
-3.9194536209106445
-2.2477617263793945
-4.295284271240234
-4.339107513427734
-2.6018595695495605
-4.613960266113281
-4.595271587371826
-4.598252773284912
-3.042020320892334
-4.60187292098999
-1.639872431755066
-2.4130287170410156
-2.8515548706054688
-2.1215457916259766
-4.470449447631836
-3.524937152862549
-2.1525192260742188
-4.301311492919922
-4.1355881690979
-1.6495639085769653
-1.818419337272644
-3.388105869293213
-0.3669586181640625
-4.090310096740723
-2.108388900756836
-2.2144651412963867
-6.453376770019531
-1.0974119901657104
-3.581517219543457
-2.7790989875793457
-5.317934989929199
-0.620058536529541
-1.3553704023361206
-5.181769847869873
-2.6544413566589355
-6.076372146606445
-1.532558560371399
-3.418539047241211
-5.499368190765381
-0.3652498722076416
-3.787280559539795
-4.810126304626465
-3.9329471588134766
-2.7148094177246094
-1.6135977506637573
-4.645614147186279
-2.0614194869995117
-3.2531704902648926
-3.610719680786133
-4.434666156768799
-4.032136917114258
0.7189061045646667
-1.17534339427948
-1.3293148279190063
-0.7467868328094482
-4.725865840911865
-2.279580593109131
-4.635662078857422
-3.0791401863098145
-4.294174671173096
-4.435327529907227
-3.691342830657959
-0.34942495822906494
-1.3532356023788452
-5.329202175140381
-0.9996355772018433
-3.8597145080566406
-4.4845147132873535
-4.529937267303467
-3.014072895050049
-3.5256338119506836
-2.6184706687927246
-1.5147732496261597
-1.4718838930130005
-5.476832866668701
-2.8865108489990234
-5.962122440338135
-2.800259590148926
-3.7141194343566895
-2.0935182571411133
-4.489218711853027
-5.144026756286621
-3.883732795715332
-1.1709612607955933
-4.759034633636475
-0.8497318029403687
-1.07603919506073
-3.5710110664367676
-4.518852710723877
-3.5697875022888184
-1.3770593404769897
-1.4640659093856812
-3.6874747276306152
-3.644763469696045
-1.9303792715072632
-1.719553828239441
-2.6953606605529785
-4.623762607574463
-4.927909851074219
-3.3555049896240234
-5.393881320953369
-2.246245861053467
-4.681751251220703
-3.2250795364379883
-2.545376777648926
-3.236143112182617
-4.843340873718262
-5.446549415588379
-2.5224075317382812
-2.6471900939941406
-5.194488525390625
-1.138774037361145
-5.012811183929443
-2.195009231567383
-1.9041811227798462
-3.126107692718506
-1.976847767829895
-1.404213547706604
-5.7137532234191895
-3.7565383911132812
-3.145671844482422
-6.81358528137207
-3.067660331726074
-4.615387916564941
-3.090869426727295
-2.384525775909424
-3.243995189666748
-6.804724216461182
-4.3825836181640625
-2.1470723152160645
-2.1258907318115234
-1.6317716836929321
-5.033477306365967
-2.9979333877563477
-2.536734104156494
-3.781731128692627
-5.214343547821045
-1.2291418313980103
-2.59602689743042
0.28622370958328247
-3.623950481414795
-3.399876117706299
-3.585110664367676
-1.8756109476089478
-4.207073211669922
-2.839855194091797
-5.425099849700928
-5.487093448638916
-3.937066078186035
-2.9461817741394043
-4.073659896850586
-5.114286422729492
-4.443958282470703
-0.1887955665588379
-7.527067184448242
-3.846787929534912
-4.196962833404541
-3.670175075531006
-4.130339622497559
-1.633327603340149
-4.4526848793029785
-4.200250148773193
-2.47495174407959
-0.6739236116409302
-2.791231632232666
-3.3325037956237793
-3.484466075897217
-4.726992607116699
-3.160170078277588
-6.159393310546875
-3.067410945892334
-3.645498752593994
-4.369002819061279
-3.828702926635742
-3.7450857162475586
-2.6070456504821777
-2.9879488945007324
-4.8887529373168945
-3.7411460876464844
-3.729478359222412
-4.8130574226379395
-6.009556293487549
-5.756587505340576
-1.0083614587783813
-4.89457368850708
-3.383486747741699
-0.809733510017395
-0.9034738540649414
-2.195488452911377
-2.767336368560791
-0.07628047466278076
-4.195516586303711
0.07224738597869873
-5.4912543296813965
-0.7581580877304077
-4.850368499755859
-0.8740943670272827
-1.5559571981430054
-5.275887489318848
-3.884979248046875
-4.04326868057251
-2.899221420288086
-2.9978418350219727
-3.63815975189209
-1.8537331819534302
-3.5883827209472656
-0.6078312397003174
-2.675320625305176
-2.0257015228271484
0.5349874496459961
-1.9191521406173706
-1.3484872579574585
-3.1904025077819824
-3.379721164703369
-2.618295192718506
-4.0265936851501465
-1.5793274641036987
-3.913017749786377
-2.6929306983947754
-3.824589252471924
-1.3435243368148804
-3.4776978492736816
-3.4093375205993652
-4.235462665557861
-1.8388887643814087
-2.0204691886901855
-3.517530918121338
-3.905094623565674
-4.271966457366943
-2.4531168937683105
-3.9640049934387207
-2.172016143798828
-4.753391742706299
-3.759819984436035
-2.3616957664489746
-4.8900017738342285
-4.24861478805542
-0.5301958322525024
-0.33269166946411133
-2.072287082672119
-3.7412309646606445
-2.3830060958862305
-1.2854210138320923
-3.262646198272705
-5.2146100997924805
-6.884829044342041
-4.162942886352539
-3.2358484268188477
-2.6296091079711914
-4.318788051605225
-1.6964012384414673
-5.463675498962402
-3.9018454551696777
-2.414003849029541
-2.9227776527404785
-4.002525806427002
-2.182955741882324
-5.1173272132873535
-1.9947952032089233
-1.415835976600647
-1.9379194974899292
-2.405181884765625
-3.948652744293213
-3.217806816101074
-1.9590259790420532
-2.0586767196655273
-0.6029883623123169
-1.6657627820968628
-1.3566645383834839
-0.15453696250915527
-1.1588720083236694
-1.6075800657272339
-4.728344917297363
-2.9624290466308594
-5.595384120941162
-5.86746072769165
-1.2184439897537231
-4.574784278869629
-3.253220558166504
-2.6430845260620117
-1.579055905342102
-3.5883355140686035
-5.27994441986084
-3.7949280738830566
-2.170234203338623
-5.987314701080322
-3.7211999893188477
-3.611830234527588
-3.189187526702881
-2.941197395324707
-1.7168828248977661
-3.638347625732422
-2.621854305267334
-1.92465078830719
-5.344884395599365
-2.2036356925964355
-2.105050563812256
-3.6338138580322266
-3.778820037841797
-3.2075867652893066
-4.035267353057861
-0.7995502948760986
0.540576159954071
-0.27175724506378174
-4.447165012359619
-2.6441993713378906
-3.3406782150268555
-4.136488437652588
-1.7490514516830444
-2.2897539138793945
-3.1552648544311523
-1.7659271955490112
-5.66295862197876
-2.029787063598633
-6.250565052032471
-1.1501954793930054
-1.2784665822982788
-1.4192308187484741
-4.896914482116699
-4.707553863525391
-4.000356674194336
-6.129955768585205
0.007031798362731934
-3.2749838829040527
-0.5931729078292847
-1.055982232093811
-2.648294448852539
-4.026984214782715
-3.5638155937194824
-2.6400704383850098
-2.6485443115234375
-6.784914970397949
-3.2420387268066406
-3.177431583404541
-5.187963008880615
-4.916681289672852
-2.3364052772521973
-0.7814862728118896
-2.8137660026550293
-5.05902624130249
-0.5103901624679565
-1.7210692167282104
-3.4151077270507812
-4.229331970214844
-4.157604694366455
-2.2860326766967773
-1.1539567708969116
-4.961534023284912
-3.276515007019043
-4.083261966705322
-5.0662689208984375
-2.5444769859313965
-0.8588380813598633
-1.3621281385421753
-3.16302490234375
-3.29886531829834
-3.1302428245544434
-1.4938470125198364
-1.828257441520691
-1.9312957525253296
-0.5017210245132446
-5.858130931854248
-2.3067164421081543
-1.4033123254776
-3.62636137008667
-5.077735424041748
-3.5321803092956543
-3.6497364044189453
-3.0709080696105957
-1.6498054265975952
-4.152860164642334
-2.551203727722168
-2.2952561378479004
-1.2277125120162964
-4.062678813934326
-4.879053115844727
-4.285163879394531
-3.0323524475097656
-4.646212577819824
-2.0936803817749023
-0.2024683952331543
-0.19226372241973877
-2.793430805206299
-3.9469456672668457
-2.920093536376953
-0.14102578163146973
-5.468151569366455
-1.69611394405365
-4.133049964904785
-4.528940677642822
-3.390108108520508
-4.6308794021606445
-1.1051889657974243
-1.554296851158142
-5.951895236968994
-6.046237468719482
-4.746057033538818
-3.0061497688293457
-3.5533394813537598
-1.5295974016189575
-3.7641539573669434
-2.7814455032348633
-1.591399073600769
-3.7739481925964355
-0.32051730155944824
-3.2716403007507324
-3.769601345062256
-3.0757808685302734
-3.8218159675598145
-4.76975154876709
-3.985339641571045
-2.2924246788024902
0.38204842805862427
-3.242374897003174
-2.922360420227051
-1.2060359716415405
-0.598147988319397
-3.46303129196167
-2.726384162902832
-3.224092483520508
-3.0864577293395996
-1.359578251838684
-3.9516706466674805
-4.828211307525635
-3.9495277404785156
-1.6794034242630005
-3.690234661102295
-3.865830898284912
-3.5550951957702637
-2.9958672523498535
-4.523897647857666
-6.003409385681152
-1.2535940408706665
-4.008244037628174
-2.99826717376709
-0.1477733850479126
-1.6317535638809204
-3.3440146446228027
-7.267976760864258
-4.826771259307861
-3.887686252593994
-4.680899143218994
-0.541911244392395
-3.883234977722168
-0.9627631902694702
-0.9101293087005615
-4.6282639503479
-3.4534268379211426
-5.5129008293151855
-5.768815517425537
-1.577431321144104
-2.6505179405212402
-3.758213996887207
-3.659684658050537
-1.3295401334762573
1.2036634683609009
-0.6947251558303833
-2.4596571922302246
-4.452810287475586
0.7186617851257324
-2.5112147331237793
-3.165128707885742
-2.9277496337890625
-1.9104868173599243
-2.627746105194092
-2.788118839263916
-2.530186176300049
-0.7833900451660156
-0.6337463855743408
-2.6059670448303223
-1.9897712469100952
-3.7801313400268555
-1.2485476732254028
-3.1900482177734375
-7.2407636642456055
-4.160074710845947
-2.3524250984191895
-1.8593806028366089
-3.963420867919922
-2.946415901184082
-5.325961112976074
-1.0792053937911987
-1.9042683839797974
-1.7270663976669312
-4.841497421264648
-4.897632122039795
-4.2641377449035645
-3.8249263763427734
-5.221577167510986
-5.304842472076416
-2.2139129638671875
-4.652914047241211
-2.5893235206604004
-5.067203044891357
-7.631277084350586
-4.801930904388428
-2.4736852645874023
-5.660105228424072
-1.93333899974823
-4.973852157592773
-2.1587681770324707
-6.556919097900391
-2.4052681922912598
-3.723595142364502
-2.4829025268554688
-2.423104763031006
-1.079975962638855
-1.5888596773147583
-6.576897621154785
-2.6484766006469727
-1.8556462526321411
-3.5315003395080566
-5.097742080688477
-5.84207820892334
-2.3147897720336914
0.4283115863800049
-1.0484265089035034
-1.404164433479309
-1.267032265663147
-4.343522548675537
-1.6296738386154175
-2.261746406555176
-2.456657886505127
-3.437723159790039
-0.26505351066589355
-0.7014700174331665
-0.498970627784729
-3.672213077545166
-3.926940441131592
-3.248957633972168
-6.789061069488525
-4.023758888244629
-1.0514219999313354
-4.357145309448242
-1.0821436643600464
-1.4607256650924683
-0.3811718225479126
-2.119297504425049
-4.24632453918457
-2.4832634925842285
-2.4593944549560547
-4.4239044189453125
-2.549640655517578
-2.2973718643188477
-4.0441765785217285
-2.383768081665039
-5.685687065124512
-3.7690305709838867
-2.911756992340088
-3.3600192070007324
-2.0527496337890625
-1.7717019319534302
-1.8738764524459839
-2.298218250274658
-3.517655849456787
-1.585400938987732
-3.795362949371338
-2.8914337158203125
-2.863039970397949
-3.6568069458007812
-3.5330352783203125
-2.2293105125427246
-3.461620807647705
-1.6109241247177124
-3.7122583389282227
-1.791077971458435
-4.211517810821533
-1.1587177515029907
-2.300447463989258
-1.6797102689743042
-6.39197301864624
0.24725353717803955
-6.521223068237305
-1.576069951057434
-2.78450870513916
-1.8609884977340698
-4.326089382171631
-2.341122627258301
-2.3332571983337402
0.2870945930480957
-4.285020351409912
-2.341134548187256
-2.083486557006836
-0.3503462076187134
-4.24223518371582
-6.573298931121826
-3.5012283325195312
-1.3852571249008179
-1.898774266242981
-3.9287190437316895
-4.5014824867248535
-3.862527370452881
-2.2316722869873047
-3.2308006286621094
-3.262521743774414
-1.30764639377594
-4.6844658851623535
-1.9202224016189575
-4.564486503601074
-3.4814162254333496
-2.773914337158203
-6.18393087387085
-3.8825483322143555
-1.6250640153884888
-3.5204334259033203
-4.021609306335449
-3.2639379501342773
-1.889459252357483
-2.1431474685668945
-2.0290327072143555
-3.8948144912719727
-1.996677279472351
-2.7692956924438477
-1.3354026079177856
-5.408854007720947
-2.35073184967041
-4.634605884552002
-1.577053189277649
-0.0703967809677124
-3.4639739990234375
-2.196411609649658
-2.5295329093933105
-1.6759556531906128
-4.021777629852295
-4.770279407501221
-1.6818524599075317
-3.5132226943969727
-1.9691771268844604
-3.3702316284179688
-3.382810115814209
-1.3559006452560425
-3.509108066558838
-1.7096720933914185
-5.0849080085754395
-3.0065836906433105
-1.105774998664856
-3.3649420738220215
-1.695083737373352
-3.798044204711914
-1.0114866495132446
-1.8950649499893188
-1.8558207750320435
-3.884713649749756
-2.199446201324463
-2.367839813232422
-2.4741601943969727
-4.324947357177734
-4.987252712249756
0.06599479913711548
-2.063772201538086
-2.3386502265930176
-3.647775173187256
-6.391693592071533
-5.569265842437744
-4.942214488983154
-3.033696174621582
-4.042672157287598
-2.779963493347168
-1.8678878545761108
-3.987462043762207
-2.487729549407959
-0.8654497861862183
-4.787030220031738
-4.00164794921875
-4.528424263000488
-1.8861383199691772
-4.5843095779418945
-5.158050060272217
-3.8238091468811035
-3.5325284004211426
-2.4127278327941895
-4.852766990661621
-2.8184027671813965
-4.567947864532471
-3.4212498664855957
-4.913387298583984
-3.120589256286621
-5.621758937835693
-2.3151307106018066
-6.166154384613037
-3.827871799468994
-2.728982925415039
-2.846047878265381
-1.9925044775009155
-1.3800264596939087
-3.1164703369140625
-3.415104866027832
-3.160538673400879
-1.7688544988632202
-3.431520938873291
-5.477341651916504
-5.100052833557129
-3.140244483947754
-4.019064426422119
-2.8397560119628906
-3.079242706298828
-3.889376640319824
-1.713452696800232
-1.874900460243225
-4.907517433166504
-3.307304859161377
-2.505129337310791
-0.6721899509429932
-4.6383466720581055
-1.1319752931594849
-2.3760194778442383
-0.37125420570373535
-2.5046210289001465
-2.323058605194092
-3.8093714714050293
-0.9402767419815063
-5.574234962463379
-4.566430568695068
-3.035301685333252
-3.0548324584960938
-1.510337471961975
1.4999147653579712
-3.291614532470703
-3.2117385864257812
-1.8608683347702026
-3.850131034851074
-0.004057168960571289
-2.6930031776428223
-4.972104549407959
-5.33485221862793
-2.052065372467041
-2.856736183166504
-6.152553081512451
-4.806463241577148
-2.5632452964782715
-3.698606014251709
-4.2470574378967285
-2.9960899353027344
-2.470231533050537
-1.6295806169509888
-4.452227592468262
-2.7840757369995117
-0.7192133665084839
-1.55132257938385
-2.92539119720459
-3.870476245880127
-3.4523515701293945
-4.7610368728637695
-3.059082508087158
-2.0011138916015625
-3.303557872772217
-3.172008514404297
-3.4712624549865723
-4.362921714782715
-0.33772146701812744
-5.754970073699951
-2.400149345397949
-3.2039761543273926
-3.599085807800293
-3.158909320831299
-1.1360286474227905
-3.4922871589660645
-5.176764965057373
-4.623844623565674
-4.12154483795166
-0.2589153051376343
-1.7132490873336792
-2.602541923522949
-2.266500473022461
-1.7165712118148804
-3.984297275543213
-2.499386787414551
-3.5962138175964355
-2.465738296508789
-3.881221294403076
-3.0398311614990234
-7.033424377441406
-2.884847640991211
-4.0456929206848145
-4.759757041931152
-4.482003211975098
-2.7853951454162598
-1.6164768934249878
-1.351239800453186
-4.184858322143555
-5.7480340003967285
-4.945473670959473
-2.1976370811462402
-3.823685646057129
0.716031551361084
-2.6798276901245117
-4.385285377502441
-6.312507152557373
-2.7796101570129395
-2.5915637016296387
-2.8117122650146484
0.49360835552215576
-0.9572814702987671
-5.193429946899414
-4.95583963394165
-0.8232338428497314
-3.316610813140869
-3.3887062072753906
-1.920530915260315
-3.0766043663024902
-3.081289768218994
-4.792555332183838
-7.605678558349609
-1.5300949811935425
0.1813448667526245
-3.353489398956299
-3.1447105407714844
-4.16214656829834
-5.344692230224609
0.6806694865226746
0.7673125267028809
-3.5785627365112305
-3.1271629333496094
-3.669585704803467
-2.2344894409179688
0.7359293699264526
-2.0710840225219727
-1.5301603078842163
-3.291444778442383
-5.831693172454834
-4.887414455413818
-0.5516233444213867
-0.8200769424438477
-2.7204041481018066
-3.7370095252990723
-1.935020089149475
-4.519284725189209
-3.016329765319824
-2.6756482124328613
-0.9122023582458496
-5.084632396697998
-4.200439929962158
-1.8479300737380981
-5.09536600112915
-4.636734485626221
-3.031245231628418
-2.4491524696350098
-0.339827299118042
-3.8074464797973633
-2.2421789169311523
-4.097180366516113
-4.2839884757995605
-1.4450336694717407
-2.259089469909668
0.7178465127944946
-3.021076202392578
-5.0346832275390625
-3.22224760055542
-3.863175868988037
-3.3523521423339844
-1.7888180017471313
-3.272376537322998
-1.665610671043396
-2.114314079284668
-1.6359013319015503
-0.03249645233154297
-4.088351726531982
-2.868406295776367
-2.3277454376220703
-5.269057750701904
-3.822096347808838
-4.73721170425415
-3.1959352493286133
-1.3349076509475708
-5.052219390869141
-3.8931736946105957
-2.476179599761963
-5.568796157836914
-3.154237747192383
-2.407686233520508
-4.050131320953369
-1.9536360502243042
-3.7712321281433105
-3.639254093170166
-3.6357321739196777
-4.893529891967773
-3.878640651702881
-2.8168892860412598
-3.8043694496154785
-3.306438446044922
-1.2352463006973267
-1.4946764707565308
-2.6824421882629395
-2.562323570251465
-1.7591665983200073
-5.015904903411865
-0.9096889495849609
-3.9286508560180664
-4.41286563873291
-2.0745387077331543
-4.274194717407227
1.0844227075576782
-3.2403111457824707
-4.8006591796875
-4.253996849060059
-4.821491718292236
-4.751884460449219
-1.9716581106185913
-4.654545783996582
-5.305003643035889
-1.6108838319778442
-2.8219738006591797
-4.234238624572754
-3.556884765625
-1.8865848779678345
-2.2413620948791504
-5.865577220916748
-5.388526439666748
-4.346096515655518
-5.348175525665283
-4.720654010772705
-3.941312313079834
-2.6492600440979004
-2.7363734245300293
-4.827306270599365
-3.3395090103149414
-4.111103534698486
0.0362398624420166
-3.5564751625061035
-2.9903736114501953
-2.5741043090820312
-5.7658514976501465
-5.28055477142334
-2.521543502807617
-1.5058051347732544
-1.9804552793502808
-5.564754962921143
-0.5417907238006592
-1.9126633405685425
-3.602428913116455
-4.392804145812988
-1.3327192068099976
-2.246979236602783
-3.2411437034606934
-2.4835333824157715
-0.32782912254333496
-3.1669845581054688
-3.0194644927978516
-3.9929556846618652
-5.124330520629883
-4.8067755699157715
1.2657350301742554
-5.240198612213135
-4.906563758850098
-3.1801862716674805
-5.186542510986328
-1.696703314781189
-4.3259406089782715
-4.7931694984436035
-2.1949596405029297
-3.664414882659912
-4.354465007781982
-6.12165641784668
-3.706484317779541
-3.57377290725708
-2.2797908782958984
0.5452737808227539
-2.171689510345459
-2.8828811645507812
-5.187869071960449
-1.4587565660476685
-3.1786704063415527
-5.490539073944092
-1.296798586845398
-3.7429327964782715
-5.950735569000244
0.5282500386238098
-3.9360294342041016
-4.600314617156982
-0.3832094669342041
-3.0139927864074707
-2.4642224311828613
-2.5074896812438965
-3.254805088043213
-4.524524688720703
-3.29685640335083
-3.3270516395568848
-4.466818332672119
-4.767093658447266
-2.7172937393188477
-1.7023712396621704
-2.4334716796875
-0.6183533668518066
-1.1156195402145386
-1.7404018640518188
-2.3604164123535156
-5.331965446472168
-2.9367547035217285
-0.8923357725143433
-2.8703222274780273
-4.307316780090332
-0.37159180641174316
-5.098723411560059
-0.5138117074966431
-3.9129557609558105
-6.7006330490112305
-1.659061074256897
-4.4953413009643555
-2.0318140983581543
-5.791341304779053
-4.4655914306640625
-3.6350722312927246
-0.503333330154419
-3.2667970657348633
-2.8985934257507324
-4.910487651824951
-1.3245736360549927
-0.9134229421615601
-4.808294296264648
-1.4372891187667847
-4.615134239196777
-3.114199161529541
-3.2790613174438477
-3.8842458724975586
-4.653100490570068
-2.537245273590088
-3.7130823135375977
-2.5866880416870117
-2.7449164390563965
-1.8051778078079224
-5.8542962074279785
-5.617126941680908
-2.1607508659362793
-4.0212907791137695
-3.1290154457092285
-1.9275978803634644
-2.7766714096069336
-1.8638173341751099
-2.3587474822998047
-4.454702377319336
-0.7182344198226929
-3.217599868774414
-1.396466612815857
-3.606473922729492
-3.865985870361328
-2.146620273590088
-2.5996809005737305
-0.29763686656951904
-4.211191654205322
-4.868119239807129
-4.31962776184082
-4.537919521331787
-3.0500693321228027
-3.165933132171631
-2.0416269302368164
-2.6325464248657227
-4.152618408203125
-1.277340054512024
-5.725245952606201
-4.380044937133789
-2.01961088180542
-1.7913731336593628
-2.7247114181518555
-5.454319953918457
-5.5294413566589355
-1.8075324296951294
-3.3347883224487305
-5.269237041473389
-1.4121698141098022
-5.143350124359131
-3.8848114013671875
-2.8080668449401855
-5.534534931182861
-3.0488953590393066
-5.916960716247559
-1.420777440071106
-4.937666893005371
-1.9342268705368042
-4.5332818031311035
-2.3044261932373047
-2.3505406379699707
-5.419579029083252
-4.613525867462158
-4.741971492767334
-4.455572605133057
-4.222173690795898
-3.4439778327941895
-3.055906295776367
-3.236764907836914
-3.005064010620117
-2.1460318565368652
-3.975046157836914
-6.174722194671631
-2.8724617958068848
-3.660522937774658
-3.3734583854675293
-2.812410354614258
-1.8194884061813354
-4.171811580657959
-3.4566774368286133
-3.5634894371032715
-3.3536629676818848
-3.9635519981384277
-6.981476783752441
-3.5624704360961914
-3.239194869995117
-2.202059268951416
-1.7634378671646118
0.5443086624145508
-2.0698041915893555
-5.943573474884033
-4.128103733062744
-2.524946689605713
-2.5654382705688477
-3.7695112228393555
-5.280420780181885
-2.087202548980713
-4.114437580108643
-3.830045700073242
-1.215549349784851
-2.7995128631591797
-3.5839858055114746
-3.8896312713623047
-3.0760936737060547
-5.488020896911621
-3.763383388519287
-1.3460479974746704
0.3300893306732178
-2.8722453117370605
-2.7740325927734375
-3.2690958976745605
-2.903189182281494
-3.0683388710021973
-3.9681901931762695
-5.130671501159668
-3.1263976097106934
-3.5693817138671875
-2.8907899856567383
-4.876402378082275
-5.764293670654297
-3.4116029739379883
-2.498223304748535
-5.4814019203186035
-4.990106105804443
-2.580751895904541
-6.419355869293213
-3.719491958618164
-5.552860260009766
-4.65011739730835
-2.656846046447754
-2.938673496246338
-4.373407363891602
-4.00236177444458
-3.571835517883301
-4.046555995941162
-0.23884451389312744
-3.2735743522644043
-1.0258272886276245
-0.20079994201660156
-3.376361846923828
-3.957655429840088
-2.766045093536377
-3.5956320762634277
1.4702515602111816
-6.650341033935547
-4.528204441070557
-3.4743032455444336
-4.656899929046631
-4.913307189941406
-2.4938931465148926
-2.871748447418213
-3.8082189559936523
-3.2788877487182617
-5.373226642608643
-3.2795138359069824
-4.091698169708252
-3.5496997833251953
-2.910646915435791
-3.761910915374756
-0.6146918535232544
-7.005464553833008
-0.640911340713501
-1.9457396268844604
-6.863158702850342
-2.8246841430664062
-2.2415504455566406
-3.8074426651000977
-6.368709564208984
-0.9491919279098511
-4.028682231903076
-3.3805274963378906
-1.7154690027236938
-3.03338623046875
-3.1897878646850586
-1.6989084482192993
-1.8904775381088257
-3.2570247650146484
-2.5041141510009766
-0.7058142423629761
-2.73240327835083
-7.973459243774414
-3.259166717529297
-2.7929463386535645
-1.9264904260635376
-1.5722283124923706
-2.5182933807373047
-1.9213091135025024
-2.6940255165100098
-2.189052104949951
-4.236892223358154
-4.006494998931885
-4.185307025909424
-2.449289321899414
-2.7954235076904297
-1.2845567464828491
-3.196021556854248
-3.6792216300964355
-3.9580583572387695
-2.0322718620300293
-1.61337411403656
-3.653168201446533
-2.017979621887207
-0.35492587089538574
-5.626539707183838
-3.5817713737487793
-0.4156806468963623
-4.591599464416504
-4.0467987060546875
-3.1410603523254395
-7.546402931213379
-4.061233997344971
-0.7086499929428101
-2.4685115814208984
-1.569492220878601
-6.1348347663879395
-4.913695812225342
-3.162198066711426
-4.997635364532471
-4.144225120544434
-5.037091255187988
-5.4369354248046875
-2.968384265899658
-5.202070713043213
-3.2198705673217773
-1.8358319997787476
-4.095057487487793
-1.5093833208084106
-7.871364593505859
-4.730179309844971
-3.2891454696655273
-2.781543254852295
-4.306919097900391
-3.392024040222168
-2.800930976867676
-4.512752532958984
-3.4252233505249023
-2.0466408729553223
-4.692052841186523
-3.5157470703125
-2.3242697715759277
-2.8845763206481934
-3.108086585998535
-5.5021562576293945
-1.927880883216858
-5.156490802764893
1.6356985569000244
-5.741487979888916
-3.764420986175537
-5.6482367515563965
-7.5010833740234375
-0.5661419630050659
-4.497718811035156
-3.8915090560913086
0.4078718423843384
-3.4784793853759766
-0.8974974155426025
-2.485478401184082
-2.3377528190612793
-3.0632095336914062
-3.656045913696289
-4.102732181549072
-4.74761438369751
-1.8372493982315063
-1.0615590810775757
-1.5048738718032837
-4.990833759307861
-4.484263896942139
-2.455777168273926
-3.9794259071350098
-0.08890020847320557
-4.591083526611328
-2.1714673042297363
-1.6781724691390991
-2.0171585083007812
-3.5621519088745117
-2.924227714538574
-1.3516002893447876
-0.8031588792800903
-4.769262790679932
-1.5038422346115112
-2.5309367179870605
-2.561129570007324
-5.501000881195068
-3.8820905685424805
-3.0256214141845703
-0.6368666887283325
-1.4404631853103638
-0.20298528671264648
-2.5622267723083496
-1.1352769136428833
-3.591121196746826
-4.367468357086182
-3.452723979949951
-2.0175418853759766
-2.5307722091674805
-4.857498645782471
-1.8112846612930298
-1.462410569190979
-2.1238231658935547
-3.7754111289978027
-2.8127808570861816
-4.047132968902588
-2.7396392822265625
-3.9685311317443848
-4.132754802703857
-1.5246366262435913
-3.700723648071289
-2.5576109886169434
-3.3983712196350098
-3.4946861267089844
-3.9545397758483887
-2.0866222381591797
-5.225826740264893
-2.0267601013183594
-2.102980136871338
-0.5955421924591064
-3.653923988342285
-3.128148078918457
-2.073875904083252
-0.828387975692749
-2.6318445205688477
-2.4280142784118652
-6.294044017791748
-1.3363949060440063
-3.1626534461975098
-5.524558067321777
-1.4849828481674194
-4.290197372436523
-3.3832807540893555
-0.1818866729736328
-2.9483871459960938
-4.762418746948242
-0.326068639755249
-3.2460532188415527
-4.653550624847412
-5.194660186767578
-3.3747305870056152
-2.067625045776367
-2.0684871673583984
-2.06489896774292
-3.2037057876586914
-3.67250919342041
-2.9737205505371094
-3.077939033508301
-2.9938483238220215
-4.118353366851807
-1.5305308103561401
-5.958085536956787
-4.020459175109863
-4.191043376922607
-6.55788516998291
-3.8825178146362305
-4.566426753997803
1.4084187746047974
-2.124274253845215
-3.0091848373413086
-3.1085805892944336
-0.7485851049423218
-4.839791297912598
-3.9938158988952637
-1.997017741203308
-2.649611473083496
-3.686702251434326
-4.753640651702881
-4.821469306945801
-0.9732104539871216
-4.152146816253662
-1.2310963869094849
-4.596157550811768
0.2496093511581421
-1.8171159029006958
-2.886712074279785
-1.6282473802566528
-2.182748317718506
-4.6716628074646
-0.6947147846221924
-1.1663709878921509
-4.780981063842773
-2.08505916595459
-1.8098043203353882
-3.5209579467773438
-3.79891300201416
-1.4960790872573853
-1.9200435876846313
-3.26983642578125
-4.810678005218506
-3.740476131439209
-6.050675392150879
-2.1673507690429688
-0.47023749351501465
-4.012526035308838
-4.574229717254639
-6.103770732879639
-2.531571865081787
-0.8794021606445312
-2.9008474349975586
-1.6586066484451294
-3.494645595550537
-3.8052473068237305
-1.6746991872787476
-1.258541464805603
-3.451148509979248
-4.747330665588379
-5.155800819396973
-4.618356704711914
-4.19856595993042
-4.725761890411377
-2.9219517707824707
-2.3453941345214844
-2.5406389236450195
-2.328775405883789
-4.631466865539551
-1.8204373121261597
-3.5245118141174316
-5.889228343963623
-1.5960744619369507
-3.3013930320739746
-4.234368801116943
-5.585908889770508
-4.331583023071289
-3.5672106742858887
-5.168313503265381
-4.217528820037842
-6.90431547164917
-2.082282543182373
-3.4179534912109375
-1.166711449623108
-6.889350891113281
-0.5493719577789307
-4.807690620422363
-4.884119987487793
-4.9514265060424805
-4.053818225860596
-2.7819266319274902
-3.529013156890869
-3.2883315086364746
-3.7701830863952637
-2.358670711517334
-3.939357280731201
-4.018111228942871
-1.929618239402771
-1.6850873231887817
-1.2813729047775269
-1.5651627779006958
-4.869186878204346
-2.9233264923095703
-4.094239234924316
-3.5822229385375977
-3.1550116539001465
-1.164620041847229
-2.6479134559631348
-3.730541706085205
-1.9978140592575073
-1.0127102136611938
-1.1941429376602173
-4.3312554359436035
-4.665007591247559
-1.6584831476211548
-5.291625499725342
-3.8298349380493164
-1.6535042524337769
-3.999899387359619
-5.268776893615723
-4.030570983886719
-6.196793079376221
-2.87031888961792
-1.5895363092422485
-0.5873385667800903
-1.5022433996200562
-0.7750322818756104
-1.6130284070968628
-5.84719705581665
-3.2234878540039062
-3.9471936225891113
-4.236061096191406
-4.656459808349609
-3.250168800354004
-3.379192352294922
-2.830146312713623
-2.2762928009033203
-3.5757288932800293
-5.889528751373291
-3.3995227813720703
-6.921665668487549
-3.2533960342407227
-1.7784794569015503
-2.9694628715515137
0.3086623549461365
-3.6664228439331055
-3.9098048210144043
-2.935732364654541
-4.55092716217041
-1.9066470861434937
-3.110419750213623
-0.8011919260025024
-1.9442061185836792
-1.0843936204910278
-4.869932651519775
-0.40284085273742676
-2.8453030586242676
0.2342221736907959
-5.1988348960876465
-4.600732326507568
-4.155555248260498
-0.5462665557861328
-3.183708667755127
-3.17386531829834
-3.5880513191223145
-3.511732578277588
-4.5180559158325195
-5.794822692871094
-2.1483893394470215
-3.757099151611328
-4.435541152954102
-2.4390716552734375
-5.468663692474365
-5.989804744720459
-4.942536354064941
-4.094422817230225
-2.439116954803467
-3.0884761810302734
-1.2397605180740356
-2.9742183685302734
-3.3566389083862305
-1.9892655611038208
-4.579421520233154
-1.413575530052185
-3.7511768341064453
-2.961887836456299
-0.983171820640564
-4.1673479080200195
-3.154107093811035
-1.6319140195846558
-4.6643500328063965
-3.5020108222961426
-0.9045584201812744
-3.2450528144836426
-2.680908203125
-5.356451034545898
-3.4596195220947266
-4.6581525802612305
-3.790731430053711
-3.2321395874023438
-6.038074970245361
-5.205031871795654
-2.4331655502319336
-6.386063575744629
-1.6036981344223022
-4.261796474456787
-3.0567522048950195
-2.096776008605957
-1.5702134370803833
-2.9383387565612793
-2.409428119659424
-4.213619232177734
-4.051121711730957
-1.9768637418746948
-6.69544792175293
-2.807492256164551
-2.314786434173584
-1.4170464277267456
-0.631074070930481
-1.0613566637039185
-2.8163046836853027
-2.696321487426758
-3.992990016937256
-3.5952768325805664
-4.809317111968994
-6.226665019989014
-3.8445487022399902
-3.7403182983398438
-3.4555726051330566
-4.771404266357422
-6.257127285003662
-3.2477173805236816
-4.129292964935303
-1.2454103231430054
-3.909660816192627
-6.835852146148682
-5.062721252441406
-0.7898404598236084
-3.363438606262207
-2.255980968475342
-3.5853610038757324
-3.1784939765930176
-7.793543815612793
-3.1786184310913086
-4.652405261993408
-4.385360240936279
-4.128756999969482
-1.5534449815750122
-0.911002516746521
-3.5939269065856934
-1.5931740999221802
-4.353995323181152
-1.7964712381362915
-4.896594047546387
-2.8621978759765625
-3.5712738037109375
-1.676087498664856
-0.8334879875183105
-5.7162981033325195
-3.2217254638671875
-2.603549003601074
-3.667107105255127
-2.479628562927246
-0.4255179166793823
-4.427215099334717
-4.042721271514893
-3.6834850311279297
-3.463988780975342
-3.1447229385375977
0.3396463990211487
-3.4846725463867188
-3.4560327529907227
-4.4529571533203125
-1.0430110692977905
-4.935615539550781
-3.012752056121826
0.0388340950012207
-2.6462368965148926
-2.079486846923828
-2.162297248840332
-3.164823055267334
-2.653928756713867
-1.9381359815597534
-2.943021297454834
-1.3816040754318237
-1.5019396543502808
-2.2966790199279785
1.460996389389038
-2.7208056449890137
-4.373486042022705
-1.290286898612976
-1.3141404390335083
-0.8065586090087891
-4.584949016571045
-3.5030465126037598
-2.925507068634033
-5.694706439971924
-3.954787254333496
-3.256938934326172
-2.4638495445251465
-4.71361780166626
-3.1560840606689453
-2.9755563735961914
-3.820255756378174
-1.776474118232727
-1.7155026197433472
-3.35017728805542
-1.1297072172164917
-3.728785514831543
-2.9374594688415527
-2.2167468070983887
-2.772432804107666
-2.8713812828063965
-0.48081815242767334
-2.5580320358276367
-2.079519748687744
-3.8628220558166504
-2.9238014221191406
-4.317205905914307
-2.0246658325195312
-3.177183151245117
0.876753032207489
-1.6996349096298218
-5.685949802398682
-1.2743116617202759
-1.8255521059036255
-3.831437587738037
-2.125528335571289
-0.9911361932754517
-4.795373439788818
-3.408811569213867
-0.31298303604125977
-3.937757968902588
-5.66121768951416
-1.5486189126968384
-3.034736156463623
-4.561790943145752
-3.9483022689819336
-2.550787925720215
-3.9549050331115723
-2.9360456466674805
-0.7273346185684204
-3.1079354286193848
-5.356334209442139
-1.7312873601913452
-4.3211140632629395
-4.598843574523926
-4.286865711212158
-2.308810234069824
-2.589512348175049
-1.2885133028030396
-2.7304840087890625
-4.035889625549316
-2.9253811836242676
-2.1382179260253906
-2.482638359069824
-1.673458218574524
-2.0324134826660156
-2.528855323791504
-2.330678939819336
-1.8501063585281372
-3.051553249359131
-4.432862758636475
-5.60709285736084
-3.7153148651123047
-3.464804172515869
-1.8799551725387573
-3.5012474060058594
-3.5828351974487305
-4.507874965667725
-0.9787856340408325
-2.100337505340576
-5.876741409301758
-4.462722301483154
-2.8782615661621094
-1.757614016532898
-3.3676605224609375
-3.2483272552490234
-1.6207834482192993
-3.582627773284912
-4.537004470825195
-3.1300806999206543
-4.407068252563477
-2.3873753547668457
-0.44595181941986084
-4.209057331085205
-3.192348003387451
-2.9356889724731445
-3.463318347930908
-3.349915027618408
0.44480299949645996
-2.753232002258301
-1.663526177406311
-4.8052568435668945
-1.267030119895935
-0.05688071250915527
-4.6081461906433105
-6.136195182800293
-4.99397611618042
-0.20039093494415283
-1.0394407510757446
-4.515618801116943
-5.274739742279053
-2.401939868927002
-2.143371105194092
-1.4577878713607788
-4.3104567527771
-3.7482471466064453
-1.818137764930725
-2.983403205871582
-3.0716805458068848
-4.860656261444092
-1.1548770666122437
-0.5416322946548462
-3.060666084289551
-2.4813218116760254
-4.0541205406188965
-6.432745456695557
-1.4503337144851685
-4.539416313171387
-2.350949287414551
-0.5297857522964478
-6.539452075958252
-0.6477028131484985
-2.7753896713256836
-3.4851417541503906
-2.697582721710205
-2.0061326026916504
-4.3681440353393555
-4.0184550285339355
-4.292400360107422
-4.51653528213501
-0.5218843221664429
-2.5129241943359375
-4.141839504241943
-3.3189096450805664
0.4926501512527466
-3.7661218643188477
-3.883514404296875
-1.2408806085586548
-4.173343181610107
-2.5470380783081055
-4.368168354034424
-4.384404182434082
-2.1396069526672363
-1.0825051069259644
-2.875284194946289
-2.4663424491882324
-3.5211987495422363
-1.285915732383728
-5.232181549072266
-2.3246116638183594
-2.4516329765319824
-3.179633617401123
-4.36086893081665
-3.5193934440612793
-4.518373966217041
-2.2737412452697754
-2.129917621612549
-6.552165508270264
-1.1805261373519897
-0.16568899154663086
-3.3067002296447754
-0.7893292903900146
-2.873762607574463
-6.165860176086426
-3.7287516593933105
-0.8608269691467285
-1.9122358560562134
-3.2964186668395996
-1.1715396642684937
-0.33045947551727295
-4.970027923583984
-3.2101454734802246
-2.8710122108459473
-4.389871120452881
-3.598529815673828
-3.66580867767334
-1.9012929201126099
-2.291491985321045
-4.804980278015137
-2.859801769256592
-1.2109736204147339
-2.9887471199035645
-6.506350040435791
-4.351402759552002
-1.4629913568496704
-5.728325366973877
-2.412592887878418
-4.011208534240723
-5.085881233215332
-2.523747444152832
-2.4219589233398438
-3.037055015563965
-3.765070915222168
-4.727074146270752
-3.5411019325256348
-1.1281734704971313
-3.071974277496338
-1.5864759683609009
-1.559756875038147
-4.894152641296387
-4.392470836639404
-2.204529285430908
-1.5576828718185425
1.0538125038146973
-3.1804747581481934
-1.85403311252594
-2.0938496589660645
-2.1707301139831543
-4.954527378082275
-3.7935428619384766
-5.378384590148926
-2.2462716102600098
-0.24835193157196045
-5.479789733886719
0.3442001938819885
-4.224819183349609
-3.5896592140197754
-3.2120895385742188
-4.9684157371521
-3.4644861221313477
-1.8365215063095093
-3.2790989875793457
-1.8562215566635132
-1.8159493207931519
-3.4806437492370605
-5.1995344161987305
-3.193359851837158
-5.168219566345215
-1.41016685962677
-3.6195802688598633
-2.0370960235595703
-3.1852641105651855
-4.071025371551514
-2.742560863494873
-1.700499176979065
-0.04776477813720703
-2.6689844131469727
-4.647696018218994
-1.6852418184280396
-1.2675515413284302
-3.238368511199951
-3.3570261001586914
-4.209822177886963
-4.436731815338135
-2.289759635925293
-1.6725736856460571
-2.403841018676758
-2.469940662384033
-5.079097747802734
-1.4086207151412964
-3.5481176376342773
-2.081711769104004
0.49296170473098755
-2.5856051445007324
-2.890634536743164
-4.231217861175537
-0.5689073801040649
-5.4542717933654785
-1.7360175848007202
-0.8187688589096069
-3.198406219482422
-1.266306757926941
-3.302041530609131
-4.341800212860107
-3.6101861000061035
-2.6050291061401367
-0.5891768932342529
-1.000343680381775
-1.4465962648391724
-3.7019052505493164
-4.312172889709473
-5.203239917755127
-2.9276671409606934
-2.309359550476074
-0.12187087535858154
-4.537774085998535
-1.9700406789779663
-4.332289218902588
-2.999171733856201
-5.189935684204102
-3.886746406555176
-3.1668200492858887
-2.875244140625
-5.733529090881348
-3.2659387588500977
-6.403587341308594
-2.1736907958984375
-4.337935447692871
-3.8739466667175293
-5.344689846038818
-3.1050219535827637
-2.8042445182800293
-2.067840099334717
-4.182952404022217
-5.360350131988525
-0.6276980638504028
-2.835318088531494
-2.6921539306640625
-1.5943864583969116
-1.3721147775650024
-2.233417510986328
-5.255453586578369
-4.104061126708984
-3.6598410606384277
-2.327371120452881
-1.9624496698379517
-5.991398811340332
-2.7523255348205566
-1.6855336427688599
-2.828061103820801
-1.6579087972640991
-2.0804243087768555
-2.3595476150512695
-4.375468730926514
-4.853618621826172
-3.104567050933838
-1.6759620904922485
-4.37022590637207
-5.220302104949951
-1.9686659574508667
-4.896581649780273
2.1941521167755127
-2.059809684753418
-3.270294189453125
-3.974454402923584
-1.5231558084487915
-5.420131206512451
-2.055614471435547
-4.243683815002441
-3.0826029777526855
-5.7891974449157715
1.202192783355713
-4.639703273773193
-3.7322163581848145
-6.130240440368652
-5.940691947937012
-2.6111502647399902
-3.381831169128418
-2.1744704246520996
-0.4883686304092407
-1.376346468925476
-3.410726547241211
-3.529604434967041
-0.6027768850326538
-3.1936392784118652
-2.881755828857422
-3.9687061309814453
-3.383211135864258
-6.587680339813232
-4.117509365081787
-3.8555355072021484
-4.361429214477539
-2.9861440658569336
-4.001598358154297
-4.680634498596191
-5.0073957443237305
-3.549654960632324
-6.933172225952148
-2.746469497680664
0.03766310214996338
-0.8625245094299316
-4.888852119445801
-3.3615503311157227
-3.8975043296813965
-4.427749156951904
-2.1789121627807617
-2.54103946685791
-6.233443260192871
-2.1520466804504395
-2.594637870788574
-2.351830005645752
-2.8424906730651855
-4.081995487213135
-6.612807273864746
-2.532318115234375
-2.5065250396728516
0.6904550194740295
-4.437673091888428
-1.9620412588119507
-2.618511199951172
-1.892536997795105
-2.712064743041992
-4.867800235748291
-0.6580500602722168
-5.856242656707764
-1.132919192314148
-4.514357089996338
-4.1753926277160645
-2.9667458534240723
-2.339536666870117
-3.860474109649658
-2.8310155868530273
-3.093508243560791
-3.653991222381592
-2.394634246826172
-0.8454216718673706
-1.5075966119766235
-5.796192646026611
-4.008109092712402
-1.1873537302017212
-5.43442440032959
-4.875043869018555
-3.0234875679016113
-4.36052942276001
-2.923008441925049
1.3223470449447632
-2.084257125854492
-0.587814211845398
-5.110248565673828
-3.1195974349975586
-5.8902153968811035
-4.289604663848877
-1.630210518836975
-4.895423412322998
-1.362916350364685
-3.347564697265625
-2.958247661590576
-2.054248332977295
-2.5980238914489746
-6.405071258544922
-0.7861742973327637
-0.22166287899017334
-4.1183366775512695
-3.4077696800231934
-2.4257450103759766
-4.637823581695557
-2.673266887664795
-2.7886157035827637
-1.754135012626648
-4.356929302215576
-3.2176713943481445
-5.273811340332031
-7.56960391998291
-2.999530792236328
-4.689486026763916
-4.7281599044799805
-3.652174949645996
-3.325137138366699
-3.6665544509887695
-3.819763660430908
0.43732327222824097
-3.679915428161621
-5.229280948638916
-8.025787353515625
-0.4050031900405884
-4.651182651519775
-3.2029528617858887
-2.9465017318725586
-3.276750087738037
-3.2346949577331543
-4.495597839355469
-2.7657032012939453
0.3374737501144409
-1.6769694089889526
-3.9056525230407715
-2.114598274230957
-3.428488254547119
-4.624403953552246
-3.0151329040527344
-4.637353897094727
-3.9161853790283203
